125 0.0 5
1 720 487
2 135 128
3 952 617
4 506 164
5 525 593
6 59 401
7 348 914
8 838 204
9 606 98
10 627 940
11 738 190
12 813 51
13 558 410
14 267 344
15 234 498
16 234 388
17 426 110
18 368 553
19 171 553
20 385 595
21 659 95
22 912 693
23 325 103
24 428 320
25 839 447
26 554 587
27 886 896
28 456 839
29 317 777
30 657 531
31 354 117
32 521 31
33 540 531
34 714 8
35 430 526
36 285 511
37 796 699
38 956 990
39 77 34
40 42 502
41 396 548
42 968 993
43 858 434
44 43 636
45 216 972
46 606 237
47 756 629
48 511 765
49 559 68
50 249 892
51 794 658
52 412 305
53 804 677
54 793 899
55 644 268
56 132 309
57 733 261
58 692 137
59 650 100
60 607 289
61 786 37
62 504 791
63 957 148
64 568 139
65 877 218
66 772 901
67 771 665
68 42 361
69 752 534
70 682 450
71 411 635
72 258 784
73 77 678
74 101 635
75 693 307
76 569 472
77 988 33
78 793 704
79 325 577
80 134 527
81 745 636
82 80 123
83 9 336
84 569 617
85 142 151
86 338 756
87 141 580
88 110 250
89 857 467
90 237 398
91 772 636
92 907 276
93 847 671
94 815 395
95 233 493
96 218 941
97 291 413
98 527 266
99 520 24
100 610 656
101 772 125
102 836 427
103 564 830
104 875 842
105 736 826
106 696 717
107 257 92
108 312 879
109 221 933
110 901 722
111 720 238
112 221 639
113 25 524
114 873 664
115 935 113
116 488 773
117 561 37
118 332 481
119 286 414
120 431 182
121 338 576
122 29 351
123 700 827
124 4 205
125 524 998
opening costs
485 241 761 126 26 166 648 66 654 526 172 463 766 295 592 660 704 23 267 330 222 591 358 89 196 280 525 430 167 261 948 644 812 831 380 650 387 504 319 94 148 627 952 175 650 861 910 310 330 332 578 759 123 392 245 883 698 297 254 448 543 585 245 392 638 681 603 527 455 641 106 696 765 214 791 435 640 218 215 222 39 801 257 563 107 230 802 269 277 714 690 647 96 210 570 79 268 838 587 377 720 920 521 446 285 216 950 922 8 170 219 693 262 175 164 302 215 309 557 532 48 726 578 49 501 
star costs
0.0 687.0 266.0 388.0 222.0 667.0 567.0 307.0 406.0 463.0 298.0 446.0 180.0 476.0 487.0 496.0 479.0 359.0 553.0 352.0 397.0 282.0 551.0 337.0 126.0 194.0 442.0 440.0 497.0 77.0 521.0 498.0 186.0 480.0 293.0 436.0 226.0 556.0 787.0 679.0 330.0 564.0 148.0 694.0 700.0 275.0 147.0 348.0 449.0 622.0 187.0 358.0 208.0 419.0 232.0 615.0 227.0 352.0 394.0 228.0 455.0 373.0 414.0 380.0 312.0 418.0 186.0 690.0 57.0 54.0 343.0 550.0 671.0 637.0 183.0 152.0 528.0 229.0 406.0 588.0 152.0 737.0 727.0 200.0 669.0 468.0 587.0 655.0 139.0 492.0 158.0 282.0 224.0 133.0 488.0 677.0 436.0 294.0 505.0 202.0 366.0 131.0 377.0 388.0 340.0 232.0 609.0 566.0 670.0 297.0 249.0 522.0 696.0 234.0 432.0 369.0 478.0 389.0 441.0 421.0 393.0 705.0 341.0 770.0 548.0 
687.0 0.0 953.0 373.0 607.0 284.0 815.0 708.0 472.0 950.0 607.0 683.0 509.0 254.0 384.0 279.0 292.0 485.0 427.0 530.0 526.0 961.0 192.0 351.0 773.0 622.0 1075.0 781.0 675.0 660.0 220.0 399.0 572.0 592.0 496.0 412.0 874.0 1191.0 111.0 386.0 495.0 1201.0 786.0 517.0 848.0 484.0 798.0 740.0 429.0 773.0 846.0 329.0 866.0 1014.0 528.0 182.0 613.0 558.0 516.0 499.0 658.0 759.0 823.0 434.0 748.0 1002.0 833.0 251.0 739.0 635.0 578.0 668.0 554.0 509.0 587.0 554.0 859.0 875.0 488.0 400.0 794.0 56.0 244.0 654.0 25.0 660.0 453.0 125.0 798.0 289.0 815.0 787.0 896.0 731.0 378.0 818.0 325.0 416.0 399.0 711.0 638.0 763.0 823.0 1029.0 922.0 814.0 128.0 772.0 810.0 970.0 596.0 519.0 411.0 913.0 801.0 736.0 436.0 405.0 324.0 301.0 492.0 247.0 899.0 152.0 954.0 
266.0 953.0 0.0 636.0 428.0 919.0 674.0 429.0 624.0 459.0 478.0 583.0 446.0 738.0 728.0 754.0 731.0 588.0 784.0 568.0 599.0 86.0 811.0 603.0 205.0 400.0 287.0 544.0 655.0 308.0 780.0 728.0 421.0 654.0 530.0 676.0 177.0 374.0 1052.0 918.0 561.0 377.0 206.0 910.0 818.0 514.0 197.0 466.0 676.0 755.0 164.0 624.0 160.0 324.0 466.0 876.0 418.0 546.0 599.0 477.0 604.0 481.0 470.0 614.0 406.0 337.0 188.0 946.0 217.0 318.0 542.0 714.0 878.0 852.0 404.0 410.0 586.0 182.0 629.0 823.0 208.0 1003.0 984.0 383.0 935.0 630.0 812.0 919.0 178.0 748.0 181.0 344.0 119.0 261.0 730.0 803.0 692.0 552.0 734.0 345.0 524.0 223.0 443.0 238.0 301.0 275.0 872.0 692.0 797.0 117.0 445.0 732.0 932.0 92.0 505.0 490.0 700.0 635.0 697.0 679.0 616.0 961.0 329.0 1034.0 574.0 
388.0 373.0 636.0 0.0 430.0 506.0 767.0 335.0 120.0 786.0 234.0 328.0 252.0 300.0 431.0 353.0 97.0 413.0 514.0 448.0 168.0 667.0 192.0 175.0 438.0 426.0 825.0 677.0 642.0 397.0 160.0 134.0 369.0 260.0 370.0 412.0 609.0 941.0 449.0 575.0 400.0 950.0 444.0 662.0 859.0 124.0 528.0 602.0 110.0 773.0 572.0 170.0 594.0 790.0 173.0 402.0 247.0 188.0 158.0 161.0 308.0 628.0 452.0 67.0 375.0 784.0 567.0 505.0 445.0 336.0 481.0 668.0 670.0 622.0 236.0 315.0 500.0 612.0 451.0 520.0 530.0 428.0 526.0 458.0 365.0 616.0 554.0 406.0 464.0 357.0 542.0 417.0 612.0 386.0 428.0 829.0 329.0 105.0 141.0 503.0 269.0 422.0 669.0 772.0 701.0 585.0 260.0 741.0 821.0 684.0 227.0 554.0 601.0 621.0 433.0 610.0 139.0 362.0 334.0 78.0 445.0 513.0 691.0 504.0 835.0 
222.0 607.0 428.0 430.0 0.0 505.0 367.0 500.0 502.0 362.0 456.0 614.0 186.0 359.0 307.0 356.0 494.0 163.0 357.0 141.0 516.0 400.0 530.0 290.0 347.0 30.0 472.0 256.0 278.0 146.0 506.0 563.0 64.0 615.0 117.0 254.0 291.0 586.0 717.0 492.0 137.0 597.0 370.0 484.0 490.0 366.0 234.0 173.0 527.0 407.0 277.0 310.0 292.0 407.0 347.0 485.0 392.0 486.0 509.0 315.0 615.0 200.0 621.0 457.0 515.0 395.0 257.0 536.0 235.0 213.0 122.0 329.0 456.0 427.0 332.0 129.0 727.0 291.0 201.0 397.0 225.0 648.0 577.0 51.0 585.0 249.0 385.0 539.0 356.0 348.0 251.0 497.0 332.0 352.0 309.0 465.0 296.0 328.0 570.0 106.0 530.0 353.0 241.0 430.0 315.0 212.0 569.0 357.0 457.0 398.0 406.0 308.0 505.0 356.0 632.0 184.0 558.0 224.0 299.0 422.0 188.0 552.0 293.0 650.0 406.0 
667.0 284.0 919.0 506.0 505.0 0.0 589.0 804.0 626.0 784.0 712.0 832.0 500.0 216.0 201.0 176.0 469.0 345.0 189.0 380.0 674.0 902.0 400.0 378.0 782.0 529.0 964.0 592.0 457.0 612.0 410.0 592.0 499.0 764.0 392.0 252.0 795.0 1074.0 368.0 103.0 368.0 1085.0 800.0 236.0 593.0 572.0 734.0 581.0 601.0 527.0 779.0 366.0 795.0 887.0 600.0 118.0 689.0 686.0 664.0 560.0 814.0 592.0 933.0 573.0 839.0 871.0 760.0 44.0 706.0 625.0 423.0 432.0 278.0 238.0 641.0 515.0 1000.0 795.0 319.0 147.0 726.0 279.0 83.0 554.0 264.0 452.0 197.0 160.0 801.0 179.0 751.0 858.0 833.0 757.0 197.0 563.0 233.0 488.0 596.0 608.0 765.0 778.0 663.0 928.0 800.0 712.0 367.0 541.0 557.0 902.0 681.0 288.0 128.0 856.0 923.0 568.0 621.0 285.0 228.0 432.0 330.0 59.0 770.0 204.0 757.0 
567.0 815.0 674.0 767.0 367.0 589.0 0.0 863.0 856.0 281.0 823.0 981.0 546.0 576.0 432.0 539.0 808.0 362.0 403.0 322.0 877.0 606.0 812.0 600.0 678.0 387.0 539.0 132.0 141.0 493.0 798.0 900.0 429.0 978.0 397.0 408.0 497.0 613.0 921.0 514.0 370.0 626.0 701.0 413.0 145.0 725.0 498.0 221.0 872.0 102.0 515.0 613.0 514.0 446.0 711.0 643.0 759.0 850.0 869.0 677.0 981.0 199.0 979.0 806.0 875.0 425.0 491.0 633.0 555.0 572.0 287.0 159.0 360.0 373.0 699.0 495.0 1089.0 493.0 338.0 443.0 485.0 836.0 671.0 371.0 791.0 159.0 393.0 706.0 678.0 528.0 508.0 849.0 556.0 699.0 437.0 133.0 505.0 673.0 907.0 368.0 896.0 690.0 232.0 532.0 398.0 400.0 828.0 51.0 129.0 586.0 772.0 303.0 507.0 582.0 994.0 199.0 903.0 434.0 504.0 737.0 339.0 648.0 363.0 789.0 196.0 
307.0 708.0 429.0 335.0 500.0 804.0 863.0 0.0 256.0 766.0 101.0 156.0 348.0 588.0 672.0 632.0 423.0 586.0 753.0 599.0 210.0 495.0 523.0 427.0 244.0 477.0 694.0 742.0 775.0 374.0 492.0 362.0 443.0 232.0 520.0 633.0 497.0 795.0 780.0 850.0 561.0 800.0 231.0 905.0 989.0 235.0 433.0 650.0 311.0 906.0 457.0 438.0 475.0 697.0 205.0 714.0 120.0 161.0 215.0 247.0 175.0 676.0 132.0 278.0 42.0 701.0 466.0 812.0 342.0 292.0 607.0 821.0 897.0 854.0 178.0 380.0 228.0 503.0 635.0 775.0 442.0 763.0 840.0 493.0 699.0 745.0 792.0 730.0 264.0 632.0 438.0 100.0 468.0 193.0 671.0 964.0 586.0 318.0 366.0 507.0 103.0 224.0 684.0 640.0 631.0 533.0 592.0 856.0 956.0 522.0 123.0 755.0 874.0 462.0 134.0 669.0 324.0 577.0 591.0 408.0 624.0 823.0 639.0 835.0 854.0 
406.0 472.0 624.0 120.0 502.0 626.0 856.0 256.0 0.0 843.0 161.0 213.0 316.0 419.0 547.0 472.0 181.0 514.0 630.0 544.0 54.0 670.0 282.0 285.0 420.0 492.0 846.0 757.0 738.0 436.0 253.0 109.0 439.0 141.0 463.0 524.0 631.0 959.0 533.0 694.0 497.0 966.0 420.0 779.0 958.0 139.0 552.0 674.0 56.0 871.0 591.0 284.0 612.0 823.0 175.0 519.0 207.0 95.0 45.0 192.0 191.0 701.0 355.0 56.0 297.0 820.0 591.0 623.0 460.0 361.0 572.0 770.0 786.0 738.0 227.0 376.0 388.0 635.0 556.0 638.0 556.0 527.0 643.0 521.0 468.0 711.0 670.0 519.0 447.0 476.0 564.0 350.0 622.0 364.0 544.0 929.0 446.0 186.0 114.0 559.0 169.0 402.0 734.0 792.0 740.0 626.0 350.0 835.0 920.0 691.0 181.0 665.0 721.0 626.0 330.0 686.0 76.0 471.0 450.0 195.0 549.0 631.0 736.0 612.0 904.0 
463.0 950.0 459.0 786.0 362.0 784.0 281.0 766.0 843.0 0.0 759.0 909.0 535.0 697.0 592.0 678.0 854.0 466.0 599.0 422.0 846.0 378.0 890.0 652.0 537.0 361.0 263.0 199.0 351.0 411.0 868.0 916.0 419.0 937.0 459.0 549.0 295.0 333.0 1060.0 731.0 455.0 346.0 557.0 659.0 413.0 704.0 337.0 210.0 875.0 382.0 328.0 671.0 318.0 171.0 673.0 802.0 688.0 806.0 841.0 652.0 917.0 194.0 858.0 804.0 765.0 151.0 311.0 824.0 425.0 494.0 374.0 401.0 610.0 609.0 637.0 472.0 977.0 289.0 473.0 644.0 327.0 984.0 865.0 329.0 927.0 343.0 605.0 863.0 526.0 668.0 337.0 721.0 348.0 577.0 596.0 410.0 625.0 682.0 923.0 285.0 828.0 554.0 127.0 267.0 158.0 234.0 926.0 321.0 407.0 351.0 709.0 506.0 732.0 370.0 883.0 218.0 906.0 546.0 627.0 783.0 465.0 840.0 135.0 964.0 119.0 
298.0 607.0 478.0 234.0 456.0 712.0 823.0 101.0 161.0 759.0 0.0 158.0 285.0 496.0 591.0 542.0 323.0 519.0 674.0 538.0 124.0 533.0 423.0 337.0 277.0 438.0 722.0 708.0 723.0 351.0 391.0 270.0 395.0 184.0 456.0 556.0 513.0 830.0 680.0 763.0 496.0 836.0 272.0 826.0 941.0 141.0 440.0 619.0 217.0 856.0 472.0 346.0 492.0 712.0 123.0 618.0 72.0 71.0 126.0 165.0 161.0 645.0 223.0 178.0 142.0 712.0 477.0 717.0 345.0 266.0 553.0 764.0 822.0 778.0 126.0 329.0 296.0 517.0 566.0 692.0 447.0 662.0 744.0 460.0 598.0 694.0 714.0 631.0 302.0 543.0 448.0 190.0 494.0 219.0 589.0 914.0 500.0 225.0 275.0 484.0 74.0 257.0 664.0 667.0 637.0 529.0 491.0 811.0 906.0 557.0 52.0 685.0 788.0 493.0 212.0 635.0 234.0 500.0 505.0 308.0 556.0 728.0 639.0 735.0 836.0 
446.0 683.0 583.0 328.0 614.0 832.0 981.0 156.0 213.0 909.0 158.0 0.0 441.0 620.0 732.0 670.0 392.0 671.0 815.0 693.0 161.0 650.0 491.0 470.0 397.0 596.0 849.0 866.0 880.0 505.0 464.0 293.0 553.0 108.0 611.0 701.0 649.0 950.0 737.0 894.0 649.0 955.0 386.0 968.0 1098.0 279.0 581.0 776.0 255.0 1013.0 608.0 475.0 627.0 849.0 276.0 729.0 225.0 149.0 171.0 315.0 31.0 802.0 174.0 261.0 179.0 851.0 616.0 831.0 487.0 420.0 709.0 920.0 967.0 921.0 283.0 487.0 176.0 654.0 718.0 830.0 589.0 737.0 854.0 617.0 679.0 851.0 856.0 731.0 419.0 673.0 587.0 244.0 621.0 345.0 730.0 1071.0 636.0 358.0 295.0 639.0 85.0 377.0 818.0 794.0 779.0 677.0 558.0 968.0 1063.0 677.0 209.0 835.0 920.0 616.0 137.0 792.0 253.0 646.0 640.0 404.0 708.0 840.0 785.0 824.0 991.0 
180.0 509.0 446.0 252.0 186.0 500.0 546.0 348.0 316.0 535.0 285.0 441.0 0.0 299.0 336.0 325.0 328.0 238.0 413.0 254.0 331.0 454.0 386.0 159.0 284.0 178.0 587.0 441.0 440.0 157.0 358.0 381.0 123.0 432.0 173.0 292.0 375.0 704.0 611.0 525.0 213.0 713.0 301.0 563.0 658.0 180.0 296.0 359.0 343.0 573.0 343.0 180.0 364.0 543.0 167.0 438.0 230.0 305.0 324.0 131.0 438.0 385.0 478.0 272.0 373.0 536.0 333.0 519.0 231.0 131.0 269.0 480.0 551.0 510.0 170.0 63.0 572.0 377.0 287.0 440.0 294.0 558.0 554.0 208.0 491.0 411.0 451.0 476.0 305.0 322.0 312.0 374.0 390.0 258.0 336.0 631.0 268.0 148.0 388.0 252.0 357.0 279.0 421.0 536.0 453.0 337.0 438.0 530.0 623.0 464.0 237.0 408.0 546.0 405.0 480.0 370.0 374.0 237.0 273.0 261.0 276.0 533.0 441.0 591.0 589.0 
476.0 254.0 738.0 300.0 359.0 216.0 576.0 588.0 419.0 697.0 496.0 620.0 299.0 0.0 158.0 55.0 283.0 233.0 230.0 278.0 465.0 734.0 248.0 163.0 582.0 377.0 830.0 530.0 436.0 433.0 244.0 404.0 331.0 560.0 245.0 168.0 638.0 945.0 364.0 275.0 242.0 956.0 598.0 369.0 631.0 356.0 566.0 487.0 402.0 549.0 614.0 151.0 632.0 765.0 385.0 140.0 474.0 473.0 455.0 345.0 604.0 506.0 718.0 365.0 623.0 752.0 598.0 226.0 521.0 429.0 325.0 441.0 385.0 336.0 428.0 329.0 786.0 638.0 241.0 227.0 561.0 290.0 259.0 408.0 230.0 419.0 268.0 183.0 603.0 62.0 584.0 644.0 666.0 551.0 153.0 600.0 74.0 272.0 408.0 464.0 551.0 576.0 570.0 786.0 673.0 569.0 253.0 537.0 591.0 739.0 466.0 299.0 302.0 686.0 707.0 483.0 426.0 152.0 73.0 231.0 243.0 239.0 649.0 298.0 703.0 
487.0 384.0 728.0 431.0 307.0 201.0 432.0 672.0 547.0 592.0 591.0 732.0 336.0 158.0 0.0 110.0 433.0 145.0 84.0 180.0 586.0 706.0 406.0 264.0 608.0 333.0 764.0 407.0 292.0 425.0 400.0 549.0 308.0 686.0 198.0 53.0 597.0 874.0 490.0 193.0 170.0 886.0 628.0 236.0 475.0 455.0 539.0 385.0 540.0 395.0 583.0 263.0 598.0 688.0 471.0 215.0 553.0 584.0 576.0 428.0 720.0 399.0 804.0 491.0 702.0 673.0 563.0 236.0 520.0 451.0 224.0 288.0 239.0 191.0 498.0 337.0 886.0 596.0 121.0 105.0 530.0 406.0 278.0 356.0 359.0 279.0 124.0 278.0 624.0 101.0 556.0 709.0 637.0 591.0 6.0 444.0 103.0 374.0 554.0 408.0 655.0 607.0 469.0 728.0 600.0 512.0 407.0 389.0 436.0 704.0 552.0 142.0 211.0 661.0 800.0 375.0 566.0 100.0 99.0 373.0 130.0 253.0 571.0 373.0 579.0 
496.0 279.0 754.0 353.0 356.0 176.0 539.0 632.0 472.0 678.0 542.0 670.0 325.0 55.0 110.0 0.0 338.0 213.0 177.0 257.0 517.0 744.0 300.0 206.0 608.0 377.0 827.0 503.0 398.0 447.0 297.0 459.0 338.0 613.0 240.0 134.0 643.0 941.0 388.0 224.0 228.0 952.0 626.0 314.0 585.0 402.0 575.0 468.0 457.0 505.0 622.0 197.0 640.0 758.0 428.0 130.0 515.0 523.0 506.0 386.0 655.0 486.0 762.0 417.0 666.0 744.0 605.0 194.0 539.0 453.0 304.0 397.0 330.0 281.0 467.0 346.0 834.0 643.0 210.0 172.0 569.0 307.0 231.0 406.0 255.0 383.0 214.0 186.0 628.0 11.0 593.0 683.0 676.0 582.0 106.0 554.0 63.0 318.0 463.0 462.0 599.0 604.0 552.0 786.0 667.0 568.0 297.0 498.0 546.0 746.0 509.0 252.0 250.0 697.0 754.0 462.0 480.0 136.0 59.0 286.0 215.0 209.0 641.0 294.0 676.0 
479.0 292.0 731.0 97.0 494.0 469.0 808.0 423.0 181.0 854.0 323.0 392.0 328.0 283.0 433.0 338.0 0.0 447.0 512.0 487.0 234.0 760.0 102.0 211.0 534.0 494.0 911.0 730.0 676.0 481.0 73.0 124.0 437.0 306.0 417.0 426.0 696.0 1028.0 358.0 549.0 440.0 1037.0 540.0 651.0 888.0 221.0 616.0 661.0 140.0 802.0 661.0 196.0 682.0 871.0 270.0 356.0 343.0 268.0 225.0 255.0 368.0 686.0 533.0 145.0 464.0 864.0 654.0 459.0 535.0 426.0 526.0 695.0 667.0 618.0 332.0 390.0 568.0 699.0 478.0 510.0 616.0 347.0 475.0 527.0 287.0 652.0 550.0 346.0 560.0 345.0 630.0 509.0 702.0 483.0 429.0 857.0 332.0 186.0 128.0 577.0 347.0 519.0 734.0 859.0 781.0 665.0 170.0 778.0 849.0 775.0 321.0 568.0 577.0 712.0 510.0 666.0 154.0 383.0 335.0 73.0 475.0 465.0 768.0 433.0 894.0 
359.0 485.0 588.0 413.0 163.0 345.0 362.0 586.0 514.0 466.0 519.0 671.0 238.0 233.0 145.0 213.0 447.0 0.0 197.0 46.0 543.0 562.0 453.0 241.0 483.0 190.0 622.0 300.0 230.0 290.0 437.0 544.0 174.0 646.0 68.0 94.0 453.0 733.0 596.0 330.0 29.0 745.0 505.0 336.0 446.0 396.0 396.0 256.0 522.0 360.0 439.0 252.0 454.0 549.0 397.0 340.0 468.0 528.0 534.0 357.0 665.0 275.0 715.0 460.0 610.0 534.0 419.0 379.0 385.0 331.0 93.0 256.0 317.0 280.0 408.0 217.0 810.0 452.0 50.0 236.0 387.0 518.0 420.0 211.0 462.0 206.0 229.0 398.0 497.0 203.0 413.0 607.0 494.0 475.0 148.0 416.0 160.0 329.0 551.0 264.0 589.0 485.0 340.0 584.0 459.0 367.0 475.0 331.0 408.0 560.0 473.0 171.0 345.0 518.0 718.0 251.0 551.0 81.0 162.0 377.0 38.0 395.0 431.0 504.0 472.0 
553.0 427.0 784.0 514.0 357.0 189.0 403.0 753.0 630.0 599.0 674.0 815.0 413.0 230.0 84.0 177.0 512.0 197.0 0.0 219.0 670.0 755.0 476.0 347.0 677.0 385.0 794.0 404.0 268.0 487.0 473.0 629.0 370.0 770.0 261.0 122.0 642.0 899.0 528.0 139.0 226.0 911.0 698.0 153.0 422.0 538.0 590.0 401.0 622.0 348.0 632.0 346.0 646.0 712.0 553.0 248.0 634.0 667.0 660.0 510.0 803.0 410.0 885.0 574.0 782.0 695.0 611.0 232.0 582.0 522.0 254.0 247.0 157.0 108.0 578.0 407.0 969.0 641.0 156.0 46.0 580.0 440.0 271.0 404.0 404.0 263.0 41.0 310.0 692.0 169.0 607.0 787.0 687.0 664.0 87.0 391.0 185.0 458.0 634.0 451.0 738.0 677.0 481.0 762.0 628.0 551.0 469.0 356.0 384.0 750.0 633.0 100.0 149.0 711.0 882.0 386.0 647.0 177.0 181.0 454.0 169.0 247.0 596.0 386.0 569.0 
352.0 530.0 568.0 448.0 141.0 380.0 322.0 599.0 544.0 422.0 538.0 693.0 254.0 278.0 180.0 257.0 487.0 46.0 219.0 0.0 571.0 537.0 496.0 279.0 478.0 170.0 585.0 255.0 195.0 280.0 480.0 581.0 168.0 673.0 83.0 131.0 424.0 695.0 640.0 356.0 49.0 706.0 500.0 345.0 414.0 421.0 373.0 212.0 555.0 327.0 414.0 292.0 427.0 509.0 418.0 382.0 483.0 552.0 562.0 379.0 688.0 230.0 726.0 492.0 620.0 494.0 393.0 416.0 373.0 331.0 48.0 228.0 319.0 287.0 422.0 222.0 825.0 423.0 63.0 261.0 363.0 562.0 457.0 186.0 507.0 168.0 245.0 442.0 490.0 247.0 390.0 612.0 469.0 475.0 184.0 385.0 205.0 359.0 587.0 234.0 609.0 482.0 296.0 549.0 421.0 335.0 520.0 294.0 376.0 532.0 490.0 170.0 367.0 493.0 732.0 206.0 586.0 126.0 207.0 416.0 51.0 432.0 392.0 546.0 427.0 
397.0 526.0 599.0 168.0 516.0 674.0 877.0 210.0 54.0 846.0 124.0 161.0 331.0 465.0 586.0 517.0 234.0 543.0 670.0 571.0 0.0 650.0 335.0 323.0 396.0 504.0 833.0 772.0 763.0 437.0 306.0 153.0 452.0 103.0 489.0 560.0 620.0 943.0 586.0 740.0 524.0 950.0 394.0 820.0 983.0 152.0 543.0 687.0 104.0 897.0 579.0 325.0 600.0 816.0 174.0 569.0 182.0 54.0 11.0 201.0 140.0 714.0 303.0 102.0 251.0 814.0 581.0 672.0 449.0 356.0 595.0 798.0 824.0 777.0 215.0 388.0 335.0 624.0 587.0 680.0 548.0 580.0 694.0 530.0 521.0 735.0 710.0 571.0 422.0 520.0 553.0 308.0 606.0 339.0 583.0 955.0 487.0 217.0 157.0 564.0 117.0 377.0 742.0 778.0 736.0 624.0 403.0 858.0 946.0 673.0 156.0 699.0 766.0 608.0 277.0 700.0 114.0 506.0 491.0 245.0 579.0 681.0 734.0 665.0 914.0 
282.0 961.0 86.0 667.0 400.0 902.0 606.0 495.0 670.0 378.0 533.0 650.0 454.0 734.0 706.0 744.0 760.0 562.0 755.0 537.0 650.0 0.0 833.0 612.0 257.0 374.0 205.0 479.0 601.0 303.0 802.0 769.0 406.0 714.0 511.0 653.0 117.0 301.0 1064.0 891.0 536.0 306.0 265.0 871.0 750.0 550.0 169.0 408.0 718.0 693.0 124.0 633.0 110.0 238.0 503.0 870.0 468.0 598.0 649.0 507.0 668.0 420.0 547.0 653.0 477.0 251.0 144.0 932.0 226.0 335.0 505.0 661.0 836.0 814.0 444.0 409.0 665.0 120.0 599.0 796.0 177.0 1009.0 972.0 352.0 942.0 578.0 780.0 917.0 233.0 737.0 152.0 418.0 69.0 314.0 708.0 737.0 682.0 575.0 776.0 305.0 585.0 277.0 374.0 154.0 221.0 218.0 889.0 629.0 732.0 32.0 494.0 694.0 903.0 49.0 581.0 432.0 745.0 618.0 686.0 702.0 586.0 947.0 251.0 1031.0 494.0 
551.0 192.0 811.0 192.0 530.0 400.0 812.0 523.0 282.0 890.0 423.0 491.0 386.0 248.0 406.0 300.0 102.0 453.0 476.0 496.0 335.0 833.0 0.0 241.0 619.0 536.0 972.0 748.0 675.0 542.0 33.0 209.0 479.0 401.0 436.0 410.0 760.0 1089.0 258.0 490.0 451.0 1098.0 628.0 604.0 876.0 312.0 681.0 688.0 237.0 793.0 727.0 220.0 748.0 924.0 360.0 283.0 438.0 369.0 326.0 338.0 466.0 711.0 634.0 246.0 564.0 915.0 718.0 383.0 607.0 498.0 539.0 685.0 627.0 578.0 421.0 443.0 667.0 762.0 474.0 466.0 679.0 246.0 393.0 569.0 190.0 654.0 512.0 261.0 645.0 308.0 696.0 608.0 772.0 571.0 401.0 845.0 312.0 260.0 211.0 623.0 448.0 606.0 766.0 922.0 832.0 718.0 69.0 777.0 837.0 846.0 418.0 546.0 517.0 785.0 611.0 690.0 246.0 379.0 314.0 133.0 474.0 387.0 816.0 337.0 917.0 
337.0 351.0 603.0 175.0 290.0 378.0 600.0 427.0 285.0 652.0 337.0 470.0 159.0 163.0 264.0 206.0 211.0 241.0 347.0 279.0 323.0 612.0 241.0 0.0 431.0 296.0 736.0 520.0 471.0 312.0 217.0 304.0 239.0 424.0 207.0 239.0 529.0 854.0 453.0 427.0 231.0 863.0 445.0 499.0 686.0 197.0 451.0 453.0 285.0 600.0 499.0 22.0 519.0 685.0 223.0 297.0 311.0 322.0 313.0 182.0 457.0 478.0 557.0 229.0 461.0 676.0 487.0 389.0 389.0 286.0 316.0 495.0 502.0 455.0 266.0 208.0 630.0 530.0 277.0 360.0 448.0 400.0 420.0 329.0 333.0 446.0 388.0 326.0 454.0 207.0 468.0 482.0 547.0 395.0 261.0 656.0 166.0 113.0 310.0 383.0 396.0 422.0 528.0 688.0 593.0 479.0 285.0 571.0 648.0 621.0 304.0 381.0 452.0 563.0 548.0 457.0 313.0 188.0 171.0 139.0 272.0 401.0 576.0 440.0 685.0 
126.0 773.0 205.0 438.0 347.0 782.0 678.0 244.0 420.0 537.0 277.0 397.0 284.0 582.0 608.0 608.0 534.0 483.0 677.0 478.0 396.0 257.0 619.0 431.0 0.0 318.0 452.0 549.0 618.0 201.0 587.0 524.0 311.0 457.0 417.0 558.0 256.0 556.0 867.0 799.0 455.0 562.0 24.0 819.0 815.0 314.0 201.0 457.0 472.0 740.0 216.0 450.0 233.0 455.0 265.0 721.0 215.0 344.0 396.0 281.0 414.0 481.0 322.0 411.0 233.0 459.0 229.0 802.0 124.0 158.0 468.0 672.0 797.0 762.0 203.0 272.0 440.0 262.0 531.0 710.0 212.0 826.0 838.0 320.0 758.0 589.0 711.0 756.0 27.0 604.0 201.0 185.0 225.0 58.0 608.0 794.0 550.0 361.0 530.0 311.0 329.0 21.0 472.0 397.0 393.0 306.0 682.0 682.0 787.0 282.0 241.0 648.0 818.0 220.0 348.0 480.0 496.0 509.0 554.0 487.0 518.0 816.0 405.0 870.0 635.0 
194.0 622.0 400.0 426.0 30.0 529.0 387.0 477.0 492.0 361.0 438.0 596.0 178.0 377.0 333.0 377.0 494.0 190.0 385.0 170.0 504.0 374.0 536.0 296.0 318.0 0.0 454.0 271.0 304.0 118.0 511.0 557.0 58.0 601.0 139.0 280.0 267.0 570.0 731.0 520.0 163.0 580.0 341.0 514.0 513.0 354.0 207.0 184.0 520.0 432.0 251.0 316.0 266.0 394.0 332.0 506.0 372.0 471.0 497.0 303.0 597.0 211.0 596.0 449.0 491.0 383.0 231.0 560.0 205.0 188.0 151.0 356.0 486.0 456.0 313.0 116.0 704.0 267.0 230.0 425.0 198.0 664.0 601.0 34.0 600.0 275.0 414.0 558.0 326.0 370.0 224.0 471.0 305.0 325.0 335.0 489.0 316.0 323.0 565.0 89.0 511.0 325.0 244.0 410.0 301.0 193.0 578.0 380.0 481.0 373.0 387.0 338.0 533.0 329.0 609.0 198.0 551.0 247.0 319.0 424.0 217.0 576.0 281.0 670.0 413.0 
442.0 1075.0 287.0 825.0 472.0 964.0 539.0 694.0 846.0 263.0 722.0 849.0 587.0 830.0 764.0 827.0 911.0 622.0 794.0 585.0 833.0 205.0 972.0 736.0 452.0 454.0 0.0 434.0 582.0 431.0 944.0 939.0 503.0 905.0 588.0 714.0 217.0 118.0 1183.0 932.0 602.0 128.0 463.0 883.0 675.0 717.0 297.0 398.0 891.0 638.0 256.0 758.0 234.0 94.0 674.0 956.0 654.0 784.0 831.0 669.0 865.0 397.0 752.0 822.0 679.0 115.0 259.0 1000.0 387.0 491.0 542.0 638.0 838.0 828.0 620.0 530.0 870.0 214.0 646.0 838.0 296.0 1117.0 1041.0 423.0 1053.0 566.0 810.0 1010.0 430.0 819.0 284.0 621.0 229.0 507.0 768.0 670.0 767.0 726.0 946.0 366.0 780.0 472.0 329.0 56.0 166.0 262.0 1021.0 575.0 667.0 175.0 679.0 713.0 938.0 233.0 785.0 417.0 919.0 693.0 770.0 847.0 635.0 1016.0 199.0 1121.0 377.0 
440.0 781.0 544.0 677.0 256.0 592.0 132.0 742.0 757.0 199.0 708.0 866.0 441.0 530.0 407.0 503.0 730.0 300.0 404.0 255.0 772.0 479.0 748.0 520.0 549.0 271.0 434.0 0.0 153.0 368.0 730.0 811.0 320.0 871.0 315.0 370.0 368.0 523.0 890.0 534.0 298.0 535.0 571.0 461.0 275.0 621.0 367.0 93.0 778.0 214.0 384.0 536.0 384.0 343.0 602.0 622.0 641.0 741.0 765.0 571.0 868.0 68.0 854.0 709.0 751.0 323.0 360.0 633.0 426.0 450.0 209.0 206.0 412.0 410.0 583.0 385.0 966.0 364.0 293.0 449.0 354.0 809.0 673.0 250.0 757.0 145.0 408.0 684.0 547.0 493.0 376.0 722.0 426.0 571.0 412.0 259.0 457.0 578.0 818.0 240.0 781.0 561.0 109.0 420.0 281.0 270.0 774.0 150.0 254.0 461.0 657.0 309.0 534.0 453.0 870.0 74.0 809.0 379.0 458.0 658.0 289.0 649.0 245.0 779.0 173.0 
497.0 675.0 655.0 642.0 278.0 457.0 141.0 775.0 738.0 351.0 723.0 880.0 440.0 436.0 292.0 398.0 676.0 230.0 268.0 195.0 763.0 601.0 675.0 471.0 618.0 304.0 582.0 153.0 0.0 420.0 662.0 774.0 333.0 866.0 276.0 268.0 486.0 674.0 781.0 389.0 243.0 686.0 641.0 309.0 220.0 613.0 464.0 195.0 750.0 134.0 492.0 482.0 498.0 492.0 605.0 504.0 663.0 742.0 755.0 568.0 877.0 188.0 898.0 686.0 792.0 472.0 468.0 499.0 499.0 491.0 171.0 60.0 260.0 259.0 602.0 396.0 1002.0 482.0 201.0 310.0 451.0 696.0 538.0 299.0 651.0 30.0 265.0 567.0 623.0 388.0 477.0 775.0 541.0 628.0 297.0 192.0 365.0 553.0 780.0 318.0 796.0 626.0 253.0 562.0 422.0 384.0 688.0 103.0 184.0 587.0 674.0 169.0 387.0 568.0 908.0 172.0 780.0 297.0 365.0 606.0 203.0 515.0 387.0 653.0 303.0 
77.0 660.0 308.0 397.0 146.0 612.0 493.0 374.0 436.0 411.0 351.0 505.0 157.0 433.0 425.0 447.0 481.0 290.0 487.0 280.0 437.0 303.0 542.0 312.0 201.0 118.0 431.0 368.0 420.0 0.0 514.0 519.0 117.0 527.0 228.0 373.0 219.0 548.0 764.0 616.0 262.0 557.0 224.0 623.0 624.0 299.0 140.0 276.0 474.0 545.0 187.0 334.0 208.0 393.0 264.0 571.0 281.0 396.0 432.0 248.0 511.0 302.0 487.0 402.0 383.0 388.0 176.0 639.0 96.0 85.0 268.0 473.0 599.0 566.0 227.0 106.0 598.0 221.0 336.0 524.0 137.0 707.0 677.0 124.0 641.0 391.0 519.0 615.0 210.0 441.0 156.0 358.0 237.0 209.0 426.0 601.0 385.0 296.0 526.0 134.0 422.0 208.0 314.0 380.0 306.0 191.0 594.0 491.0 594.0 310.0 300.0 450.0 633.0 254.0 503.0 296.0 504.0 329.0 390.0 416.0 323.0 654.0 300.0 730.0 486.0 
521.0 220.0 780.0 160.0 506.0 410.0 798.0 492.0 253.0 868.0 391.0 464.0 358.0 244.0 400.0 297.0 73.0 437.0 473.0 480.0 306.0 802.0 33.0 217.0 587.0 511.0 944.0 730.0 662.0 514.0 0.0 188.0 454.0 377.0 417.0 400.0 731.0 1061.0 290.0 496.0 434.0 1070.0 596.0 606.0 867.0 280.0 651.0 667.0 211.0 783.0 698.0 197.0 719.0 897.0 327.0 294.0 406.0 339.0 297.0 306.0 440.0 691.0 604.0 216.0 533.0 889.0 689.0 397.0 577.0 468.0 522.0 674.0 626.0 577.0 389.0 416.0 640.0 734.0 461.0 466.0 650.0 275.0 409.0 545.0 215.0 640.0 510.0 278.0 613.0 305.0 667.0 576.0 742.0 539.0 395.0 836.0 303.0 229.0 191.0 597.0 419.0 574.0 744.0 893.0 806.0 691.0 101.0 764.0 827.0 816.0 386.0 539.0 524.0 755.0 582.0 670.0 222.0 365.0 305.0 101.0 460.0 401.0 790.0 361.0 898.0 
498.0 399.0 728.0 134.0 563.0 592.0 900.0 362.0 109.0 916.0 270.0 293.0 381.0 404.0 549.0 459.0 124.0 544.0 629.0 581.0 153.0 769.0 209.0 304.0 524.0 557.0 939.0 811.0 774.0 519.0 188.0 0.0 501.0 195.0 504.0 535.0 723.0 1054.0 445.0 672.0 532.0 1061.0 526.0 772.0 990.0 223.0 643.0 735.0 54.0 903.0 684.0 295.0 706.0 910.0 268.0 479.0 313.0 202.0 147.0 272.0 266.0 761.0 452.0 118.0 403.0 906.0 682.0 582.0 554.0 449.0 614.0 798.0 785.0 736.0 326.0 444.0 468.0 726.0 581.0 630.0 646.0 451.0 596.0 588.0 398.0 748.0 668.0 466.0 551.0 465.0 656.0 458.0 719.0 468.0 545.0 960.0 446.0 236.0 8.0 632.0 269.0 507.0 801.0 885.0 824.0 708.0 271.0 874.0 951.0 789.0 288.0 678.0 700.0 725.0 423.0 743.0 41.0 489.0 450.0 176.0 575.0 587.0 816.0 546.0 968.0 
186.0 572.0 421.0 369.0 64.0 499.0 429.0 443.0 439.0 419.0 395.0 553.0 123.0 331.0 308.0 338.0 437.0 174.0 370.0 168.0 452.0 406.0 479.0 239.0 311.0 58.0 503.0 320.0 333.0 117.0 454.0 501.0 0.0 552.0 111.0 256.0 307.0 620.0 680.0 499.0 145.0 630.0 333.0 508.0 548.0 302.0 238.0 236.0 464.0 464.0 284.0 260.0 302.0 447.0 283.0 465.0 332.0 423.0 445.0 252.0 552.0 263.0 567.0 393.0 460.0 437.0 268.0 527.0 213.0 164.0 166.0 379.0 486.0 452.0 272.0 66.0 670.0 307.0 220.0 407.0 231.0 615.0 566.0 91.0 551.0 303.0 402.0 514.0 324.0 331.0 255.0 447.0 338.0 307.0 310.0 522.0 276.0 266.0 508.0 144.0 468.0 314.0 300.0 458.0 355.0 243.0 523.0 417.0 514.0 409.0 344.0 337.0 516.0 359.0 576.0 248.0 495.0 214.0 280.0 366.0 207.0 542.0 337.0 628.0 468.0 
480.0 592.0 654.0 260.0 615.0 764.0 978.0 232.0 141.0 937.0 184.0 108.0 432.0 560.0 686.0 613.0 306.0 646.0 770.0 673.0 103.0 714.0 401.0 424.0 457.0 601.0 905.0 871.0 866.0 527.0 377.0 195.0 552.0 0.0 591.0 662.0 696.0 1012.0 638.0 835.0 627.0 1018.0 450.0 920.0 1086.0 254.0 623.0 784.0 167.0 999.0 655.0 424.0 676.0 895.0 270.0 656.0 254.0 131.0 113.0 301.0 78.0 811.0 281.0 197.0 266.0 895.0 660.0 760.0 528.0 444.0 697.0 901.0 925.0 877.0 300.0 487.0 276.0 701.0 690.0 779.0 629.0 645.0 778.0 627.0 590.0 838.0 810.0 651.0 481.0 617.0 631.0 331.0 677.0 400.0 684.0 1057.0 586.0 319.0 195.0 657.0 131.0 437.0 836.0 850.0 819.0 710.0 465.0 960.0 1049.0 739.0 231.0 801.0 861.0 675.0 245.0 798.0 156.0 608.0 590.0 333.0 682.0 767.0 820.0 737.0 1009.0 
293.0 496.0 530.0 370.0 117.0 392.0 397.0 520.0 463.0 459.0 456.0 611.0 173.0 245.0 198.0 240.0 417.0 68.0 261.0 83.0 489.0 511.0 436.0 207.0 417.0 139.0 588.0 315.0 276.0 228.0 417.0 504.0 111.0 591.0 0.0 146.0 405.0 702.0 606.0 389.0 41.0 713.0 438.0 403.0 495.0 339.0 342.0 253.0 476.0 409.0 388.0 222.0 404.0 521.0 336.0 369.0 403.0 470.0 480.0 296.0 605.0 276.0 649.0 411.0 543.0 508.0 369.0 422.0 323.0 264.0 111.0 311.0 385.0 347.0 343.0 150.0 745.0 405.0 117.0 297.0 334.0 534.0 462.0 167.0 473.0 248.0 295.0 423.0 432.0 232.0 360.0 539.0 442.0 407.0 200.0 467.0 180.0 278.0 511.0 223.0 528.0 418.0 333.0 546.0 429.0 328.0 468.0 373.0 458.0 511.0 409.0 238.0 406.0 464.0 653.0 254.0 507.0 108.0 183.0 345.0 105.0 438.0 405.0 534.0 482.0 
436.0 412.0 676.0 412.0 254.0 252.0 408.0 633.0 524.0 549.0 556.0 701.0 292.0 168.0 53.0 134.0 426.0 94.0 122.0 131.0 560.0 653.0 410.0 239.0 558.0 280.0 714.0 370.0 268.0 373.0 400.0 535.0 256.0 662.0 146.0 0.0 545.0 825.0 521.0 244.0 118.0 836.0 579.0 273.0 467.0 423.0 486.0 340.0 521.0 383.0 530.0 243.0 545.0 640.0 434.0 254.0 514.0 553.0 550.0 392.0 690.0 356.0 764.0 468.0 661.0 624.0 510.0 286.0 468.0 402.0 177.0 275.0 267.0 222.0 457.0 287.0 851.0 544.0 78.0 152.0 477.0 439.0 327.0 304.0 388.0 251.0 160.0 315.0 574.0 123.0 503.0 665.0 585.0 543.0 56.0 436.0 99.0 345.0 541.0 356.0 622.0 558.0 424.0 677.0 551.0 460.0 420.0 369.0 427.0 652.0 514.0 144.0 261.0 608.0 763.0 332.0 549.0 56.0 98.0 360.0 84.0 302.0 522.0 416.0 543.0 
226.0 874.0 177.0 609.0 291.0 795.0 497.0 497.0 631.0 295.0 513.0 649.0 375.0 638.0 597.0 643.0 696.0 453.0 642.0 424.0 620.0 117.0 760.0 529.0 256.0 267.0 217.0 368.0 486.0 219.0 731.0 723.0 307.0 696.0 405.0 545.0 0.0 333.0 980.0 780.0 428.0 341.0 273.0 756.0 642.0 500.0 81.0 293.0 675.0 581.0 42.0 551.0 24.0 201.0 458.0 771.0 443.0 572.0 617.0 452.0 663.0 307.0 575.0 605.0 488.0 204.0 43.0 827.0 171.0 274.0 391.0 545.0 720.0 698.0 406.0 322.0 694.0 6.0 487.0 684.0 82.0 919.0 867.0 242.0 854.0 462.0 666.0 820.0 240.0 635.0 68.0 438.0 59.0 305.0 600.0 627.0 581.0 510.0 730.0 191.0 575.0 275.0 267.0 164.0 141.0 102.0 812.0 517.0 621.0 108.0 468.0 579.0 791.0 85.0 603.0 317.0 703.0 513.0 585.0 633.0 475.0 843.0 160.0 934.0 405.0 
556.0 1191.0 374.0 941.0 586.0 1074.0 613.0 795.0 959.0 333.0 830.0 950.0 704.0 945.0 874.0 941.0 1028.0 733.0 899.0 695.0 943.0 301.0 1089.0 854.0 556.0 570.0 118.0 523.0 674.0 548.0 1061.0 1054.0 620.0 1012.0 702.0 825.0 333.0 0.0 1299.0 1037.0 714.0 13.0 565.0 980.0 741.0 831.0 413.0 499.0 1004.0 714.0 370.0 875.0 348.0 187.0 787.0 1069.0 763.0 893.0 942.0 784.0 969.0 494.0 843.0 936.0 777.0 205.0 374.0 1110.0 500.0 606.0 651.0 728.0 933.0 926.0 732.0 647.0 958.0 330.0 755.0 944.0 413.0 1233.0 1151.0 538.0 1169.0 661.0 913.0 1124.0 533.0 932.0 399.0 716.0 338.0 612.0 878.0 740.0 881.0 842.0 1060.0 481.0 885.0 576.0 424.0 169.0 275.0 377.0 1138.0 654.0 738.0 274.0 789.0 815.0 1042.0 337.0 878.0 516.0 1032.0 806.0 884.0 964.0 744.0 1126.0 304.0 1234.0 433.0 
787.0 111.0 1052.0 449.0 717.0 368.0 921.0 780.0 533.0 1060.0 680.0 737.0 611.0 364.0 490.0 388.0 358.0 596.0 528.0 640.0 586.0 1064.0 258.0 453.0 867.0 731.0 1183.0 890.0 781.0 764.0 290.0 445.0 680.0 638.0 606.0 521.0 980.0 1299.0 0.0 470.0 605.0 1310.0 878.0 603.0 949.0 567.0 903.0 851.0 484.0 876.0 951.0 431.0 971.0 1123.0 614.0 281.0 695.0 624.0 577.0 589.0 710.0 870.0 888.0 503.0 821.0 1112.0 938.0 329.0 841.0 735.0 688.0 772.0 644.0 602.0 674.0 659.0 912.0 981.0 597.0 497.0 900.0 90.0 310.0 763.0 134.0 768.0 550.0 219.0 893.0 398.0 920.0 865.0 1000.0 822.0 485.0 918.0 436.0 507.0 444.0 820.0 701.0 855.0 934.0 1136.0 1031.0 922.0 190.0 878.0 911.0 1074.0 675.0 622.0 493.0 1016.0 862.0 846.0 485.0 515.0 434.0 384.0 602.0 321.0 1009.0 186.0 1063.0 
679.0 386.0 918.0 575.0 492.0 103.0 514.0 850.0 694.0 731.0 763.0 894.0 525.0 275.0 193.0 224.0 549.0 330.0 139.0 356.0 740.0 891.0 490.0 427.0 799.0 520.0 932.0 534.0 389.0 616.0 496.0 672.0 499.0 835.0 389.0 244.0 780.0 1037.0 470.0 0.0 357.0 1049.0 819.0 135.0 502.0 624.0 726.0 538.0 676.0 442.0 769.0 420.0 782.0 850.0 646.0 213.0 732.0 746.0 729.0 604.0 878.0 545.0 982.0 640.0 882.0 832.0 748.0 141.0 711.0 643.0 393.0 356.0 180.0 146.0 680.0 528.0 1056.0 778.0 293.0 96.0 716.0 381.0 170.0 540.0 365.0 391.0 127.0 262.0 816.0 221.0 743.0 895.0 823.0 781.0 192.0 473.0 265.0 540.0 676.0 589.0 822.0 798.0 617.0 900.0 766.0 689.0 463.0 464.0 467.0 887.0 728.0 226.0 28.0 847.0 975.0 522.0 697.0 291.0 260.0 504.0 306.0 152.0 734.0 300.0 692.0 
330.0 495.0 561.0 400.0 137.0 368.0 370.0 561.0 497.0 455.0 496.0 649.0 213.0 242.0 170.0 228.0 440.0 29.0 226.0 49.0 524.0 536.0 451.0 231.0 455.0 163.0 602.0 298.0 243.0 262.0 434.0 532.0 145.0 627.0 41.0 118.0 428.0 714.0 605.0 357.0 0.0 725.0 476.0 364.0 461.0 376.0 369.0 246.0 507.0 375.0 413.0 244.0 428.0 530.0 375.0 357.0 443.0 507.0 515.0 335.0 643.0 266.0 689.0 444.0 584.0 516.0 393.0 401.0 357.0 303.0 89.0 274.0 345.0 308.0 383.0 189.0 785.0 427.0 77.0 263.0 360.0 530.0 442.0 187.0 472.0 216.0 257.0 414.0 469.0 219.0 387.0 579.0 468.0 447.0 173.0 432.0 172.0 311.0 539.0 240.0 566.0 457.0 329.0 563.0 440.0 345.0 477.0 342.0 423.0 535.0 449.0 198.0 372.0 491.0 693.0 244.0 537.0 93.0 174.0 368.0 65.0 417.0 413.0 521.0 468.0 
564.0 1201.0 377.0 950.0 597.0 1085.0 626.0 800.0 966.0 346.0 836.0 955.0 713.0 956.0 886.0 952.0 1037.0 745.0 911.0 706.0 950.0 306.0 1098.0 863.0 562.0 580.0 128.0 535.0 686.0 557.0 1070.0 1061.0 630.0 1018.0 713.0 836.0 341.0 13.0 1310.0 1049.0 725.0 0.0 570.0 992.0 753.0 839.0 422.0 511.0 1012.0 727.0 378.0 885.0 357.0 199.0 795.0 1081.0 769.0 900.0 948.0 792.0 974.0 507.0 846.0 944.0 781.0 217.0 383.0 1122.0 508.0 614.0 663.0 741.0 946.0 939.0 740.0 657.0 961.0 338.0 766.0 956.0 421.0 1244.0 1163.0 549.0 1180.0 674.0 925.0 1135.0 538.0 943.0 408.0 720.0 344.0 618.0 889.0 752.0 892.0 851.0 1068.0 492.0 890.0 582.0 436.0 178.0 286.0 388.0 1148.0 666.0 750.0 280.0 795.0 827.0 1054.0 343.0 881.0 529.0 1040.0 817.0 895.0 973.0 756.0 1138.0 316.0 1246.0 445.0 
148.0 786.0 206.0 444.0 370.0 800.0 701.0 231.0 420.0 557.0 272.0 386.0 301.0 598.0 628.0 626.0 540.0 505.0 698.0 500.0 394.0 265.0 628.0 445.0 24.0 341.0 463.0 571.0 641.0 224.0 596.0 526.0 333.0 450.0 438.0 579.0 273.0 565.0 878.0 819.0 476.0 570.0 0.0 840.0 838.0 320.0 221.0 480.0 473.0 763.0 233.0 465.0 249.0 470.0 271.0 737.0 214.0 341.0 394.0 290.0 404.0 503.0 303.0 414.0 217.0 475.0 247.0 820.0 146.0 177.0 491.0 695.0 819.0 784.0 209.0 292.0 422.0 278.0 552.0 730.0 232.0 838.0 855.0 343.0 770.0 612.0 732.0 771.0 34.0 623.0 220.0 166.0 238.0 59.0 628.0 817.0 568.0 372.0 532.0 333.0 321.0 24.0 494.0 409.0 411.0 327.0 692.0 705.0 810.0 292.0 240.0 670.0 838.0 231.0 331.0 502.0 496.0 529.0 573.0 496.0 540.0 834.0 424.0 885.0 656.0 
694.0 517.0 910.0 662.0 484.0 236.0 413.0 905.0 779.0 659.0 826.0 968.0 563.0 369.0 236.0 314.0 651.0 336.0 153.0 345.0 820.0 871.0 604.0 499.0 819.0 514.0 883.0 461.0 309.0 623.0 606.0 772.0 508.0 920.0 403.0 273.0 756.0 980.0 603.0 135.0 364.0 992.0 840.0 0.0 378.0 691.0 714.0 486.0 768.0 329.0 752.0 496.0 763.0 795.0 705.0 339.0 786.0 819.0 810.0 663.0 955.0 487.0 1037.0 723.0 933.0 776.0 729.0 276.0 717.0 666.0 369.0 262.0 55.0 59.0 729.0 551.0 1121.0 754.0 289.0 142.0 702.0 515.0 302.0 527.0 496.0 319.0 113.0 392.0 832.0 308.0 729.0 936.0 805.0 809.0 238.0 352.0 334.0 610.0 776.0 568.0 891.0 821.0 556.0 858.0 719.0 659.0 585.0 363.0 347.0 863.0 786.0 179.0 114.0 831.0 1035.0 466.0 792.0 328.0 330.0 598.0 302.0 286.0 685.0 433.0 603.0 
700.0 848.0 818.0 859.0 490.0 593.0 145.0 989.0 958.0 413.0 941.0 1098.0 658.0 631.0 475.0 585.0 888.0 446.0 422.0 414.0 983.0 750.0 876.0 686.0 815.0 513.0 675.0 275.0 220.0 624.0 867.0 990.0 548.0 1086.0 495.0 467.0 642.0 741.0 949.0 502.0 461.0 753.0 838.0 378.0 0.0 833.0 640.0 361.0 967.0 87.0 658.0 696.0 658.0 582.0 824.0 669.0 880.0 962.0 975.0 788.0 1096.0 341.0 1109.0 905.0 1003.0 561.0 635.0 636.0 693.0 700.0 390.0 193.0 326.0 357.0 819.0 613.0 1216.0 637.0 410.0 453.0 627.0 860.0 669.0 501.0 825.0 249.0 400.0 730.0 817.0 575.0 650.0 981.0 700.0 832.0 480.0 32.0 565.0 772.0 996.0 506.0 1014.0 826.0 376.0 672.0 541.0 544.0 881.0 134.0 40.0 730.0 891.0 334.0 488.0 726.0 1121.0 338.0 997.0 505.0 563.0 819.0 415.0 649.0 506.0 796.0 310.0 
275.0 484.0 514.0 124.0 366.0 572.0 725.0 235.0 139.0 704.0 141.0 279.0 180.0 356.0 455.0 402.0 221.0 396.0 538.0 421.0 152.0 550.0 312.0 197.0 314.0 354.0 717.0 621.0 613.0 299.0 280.0 223.0 302.0 254.0 339.0 423.0 500.0 831.0 567.0 624.0 376.0 839.0 320.0 691.0 833.0 0.0 420.0 537.0 176.0 746.0 462.0 206.0 483.0 688.0 50.0 480.0 130.0 132.0 144.0 53.0 270.0 564.0 363.0 106.0 272.0 685.0 459.0 578.0 331.0 227.0 444.0 649.0 689.0 643.0 112.0 238.0 434.0 504.0 442.0 554.0 423.0 539.0 606.0 382.0 472.0 585.0 578.0 497.0 341.0 403.0 433.0 304.0 497.0 263.0 453.0 804.0 361.0 85.0 230.0 420.0 201.0 299.0 595.0 663.0 604.0 489.0 378.0 707.0 796.0 568.0 115.0 557.0 649.0 504.0 352.0 549.0 205.0 367.0 366.0 184.0 433.0 589.0 598.0 603.0 766.0 
147.0 798.0 197.0 528.0 234.0 734.0 498.0 433.0 552.0 337.0 440.0 581.0 296.0 566.0 539.0 575.0 616.0 396.0 590.0 373.0 543.0 169.0 681.0 451.0 201.0 207.0 297.0 367.0 464.0 140.0 651.0 643.0 238.0 623.0 342.0 486.0 81.0 413.0 903.0 726.0 369.0 422.0 221.0 714.0 640.0 420.0 0.0 281.0 595.0 572.0 48.0 473.0 68.0 273.0 378.0 702.0 369.0 497.0 540.0 372.0 593.0 300.0 522.0 525.0 429.0 273.0 39.0 763.0 96.0 194.0 346.0 522.0 681.0 656.0 329.0 245.0 640.0 84.0 435.0 631.0 14.0 845.0 803.0 188.0 779.0 437.0 617.0 749.0 191.0 569.0 18.0 384.0 101.0 242.0 541.0 622.0 513.0 430.0 650.0 149.0 505.0 218.0 278.0 244.0 199.0 107.0 734.0 510.0 616.0 173.0 393.0 536.0 739.0 123.0 547.0 305.0 624.0 450.0 517.0 553.0 422.0 779.0 206.0 864.0 436.0 
348.0 740.0 466.0 602.0 173.0 581.0 221.0 650.0 674.0 210.0 619.0 776.0 359.0 487.0 385.0 468.0 661.0 256.0 401.0 212.0 687.0 408.0 688.0 453.0 457.0 184.0 398.0 93.0 195.0 276.0 667.0 735.0 236.0 784.0 253.0 340.0 293.0 499.0 851.0 538.0 246.0 511.0 480.0 486.0 361.0 537.0 281.0 0.0 699.0 292.0 303.0 471.0 306.0 313.0 515.0 593.0 551.0 654.0 680.0 486.0 779.0 27.0 762.0 629.0 659.0 295.0 279.0 620.0 334.0 359.0 165.0 254.0 443.0 431.0 493.0 299.0 874.0 289.0 265.0 446.0 268.0 774.0 661.0 159.0 717.0 174.0 414.0 653.0 457.0 459.0 292.0 630.0 349.0 479.0 389.0 342.0 416.0 500.0 742.0 148.0 692.0 469.0 84.0 373.0 234.0 192.0 720.0 230.0 336.0 393.0 567.0 317.0 543.0 376.0 778.0 25.0 730.0 336.0 417.0 589.0 257.0 636.0 199.0 756.0 234.0 
449.0 429.0 676.0 110.0 527.0 601.0 872.0 311.0 56.0 875.0 217.0 255.0 343.0 402.0 540.0 457.0 140.0 522.0 622.0 555.0 104.0 718.0 237.0 285.0 472.0 520.0 891.0 778.0 750.0 474.0 211.0 54.0 464.0 167.0 476.0 521.0 675.0 1004.0 484.0 676.0 507.0 1012.0 473.0 768.0 967.0 176.0 595.0 699.0 0.0 881.0 636.0 279.0 657.0 864.0 218.0 491.0 260.0 150.0 97.0 227.0 230.0 726.0 406.0 72.0 352.0 860.0 634.0 595.0 505.0 402.0 586.0 777.0 778.0 729.0 275.0 405.0 431.0 678.0 561.0 626.0 598.0 483.0 612.0 550.0 426.0 723.0 661.0 485.0 499.0 462.0 607.0 406.0 669.0 416.0 536.0 938.0 437.0 201.0 59.0 591.0 221.0 454.0 763.0 837.0 779.0 664.0 303.0 848.0 929.0 739.0 235.0 664.0 703.0 674.0 379.0 709.0 32.0 472.0 441.0 172.0 554.0 601.0 772.0 572.0 931.0 
622.0 773.0 755.0 773.0 407.0 527.0 102.0 906.0 871.0 382.0 856.0 1013.0 573.0 549.0 395.0 505.0 802.0 360.0 348.0 327.0 897.0 693.0 793.0 600.0 740.0 432.0 638.0 214.0 134.0 545.0 783.0 903.0 464.0 999.0 409.0 383.0 581.0 714.0 876.0 442.0 375.0 727.0 763.0 329.0 87.0 746.0 572.0 292.0 881.0 0.0 594.0 610.0 596.0 545.0 739.0 595.0 796.0 876.0 888.0 702.0 1010.0 275.0 1028.0 818.0 922.0 524.0 570.0 570.0 618.0 619.0 304.0 109.0 275.0 297.0 735.0 529.0 1134.0 576.0 325.0 383.0 559.0 788.0 606.0 422.0 749.0 163.0 331.0 657.0 742.0 495.0 583.0 902.0 638.0 754.0 400.0 58.0 481.0 685.0 910.0 432.0 929.0 749.0 322.0 628.0 492.0 481.0 801.0 65.0 50.0 674.0 806.0 255.0 431.0 665.0 1038.0 267.0 911.0 420.0 480.0 733.0 329.0 585.0 456.0 730.0 295.0 
187.0 846.0 164.0 572.0 277.0 779.0 515.0 457.0 591.0 328.0 472.0 608.0 343.0 614.0 583.0 622.0 661.0 439.0 632.0 414.0 579.0 124.0 727.0 499.0 216.0 251.0 256.0 384.0 492.0 187.0 698.0 684.0 284.0 655.0 388.0 530.0 42.0 370.0 951.0 769.0 413.0 378.0 233.0 752.0 658.0 462.0 48.0 303.0 636.0 594.0 0.0 521.0 22.0 242.0 418.0 749.0 402.0 531.0 577.0 414.0 622.0 320.0 536.0 567.0 448.0 244.0 25.0 809.0 131.0 237.0 384.0 551.0 718.0 694.0 366.0 292.0 655.0 47.0 476.0 673.0 54.0 893.0 849.0 229.0 826.0 467.0 658.0 797.0 202.0 615.0 32.0 399.0 55.0 264.0 585.0 642.0 560.0 475.0 691.0 185.0 534.0 235.0 288.0 202.0 178.0 115.0 781.0 531.0 636.0 125.0 427.0 574.0 781.0 80.0 563.0 327.0 664.0 495.0 564.0 599.0 464.0 825.0 194.0 911.0 435.0 
358.0 329.0 624.0 170.0 310.0 366.0 613.0 438.0 284.0 671.0 346.0 475.0 180.0 151.0 263.0 197.0 196.0 252.0 346.0 292.0 325.0 633.0 220.0 22.0 450.0 316.0 758.0 536.0 482.0 334.0 197.0 295.0 260.0 424.0 222.0 243.0 551.0 875.0 431.0 420.0 244.0 885.0 465.0 496.0 696.0 206.0 473.0 471.0 279.0 610.0 521.0 0.0 541.0 706.0 235.0 281.0 325.0 327.0 315.0 196.0 461.0 495.0 568.0 228.0 474.0 697.0 509.0 375.0 410.0 307.0 331.0 504.0 502.0 454.0 282.0 230.0 637.0 552.0 286.0 356.0 470.0 379.0 405.0 350.0 311.0 458.0 387.0 307.0 474.0 199.0 490.0 496.0 569.0 413.0 260.0 665.0 163.0 122.0 302.0 403.0 403.0 442.0 547.0 710.0 614.0 501.0 264.0 583.0 657.0 643.0 316.0 385.0 445.0 585.0 558.0 475.0 307.0 194.0 167.0 125.0 281.0 386.0 597.0 421.0 702.0 
208.0 866.0 160.0 594.0 292.0 795.0 514.0 475.0 612.0 318.0 492.0 627.0 364.0 632.0 598.0 640.0 682.0 454.0 646.0 427.0 600.0 110.0 748.0 519.0 233.0 266.0 234.0 384.0 498.0 208.0 719.0 706.0 302.0 676.0 404.0 545.0 24.0 348.0 971.0 782.0 428.0 357.0 249.0 763.0 658.0 483.0 68.0 306.0 657.0 596.0 22.0 541.0 0.0 223.0 440.0 767.0 423.0 552.0 598.0 436.0 641.0 321.0 551.0 588.0 465.0 227.0 36.0 825.0 153.0 258.0 396.0 557.0 728.0 705.0 387.0 312.0 670.0 30.0 490.0 687.0 72.0 912.0 866.0 243.0 846.0 473.0 671.0 815.0 217.0 632.0 53.0 415.0 44.0 283.0 600.0 643.0 577.0 496.0 713.0 196.0 553.0 253.0 285.0 180.0 164.0 116.0 801.0 532.0 637.0 107.0 447.0 585.0 794.0 71.0 580.0 331.0 685.0 512.0 581.0 620.0 477.0 841.0 183.0 929.0 426.0 
419.0 1014.0 324.0 790.0 407.0 887.0 446.0 697.0 823.0 171.0 712.0 849.0 543.0 765.0 688.0 758.0 871.0 549.0 712.0 509.0 816.0 238.0 924.0 685.0 455.0 394.0 94.0 343.0 492.0 393.0 897.0 910.0 447.0 895.0 521.0 640.0 201.0 187.0 1123.0 850.0 530.0 199.0 470.0 795.0 582.0 688.0 273.0 313.0 864.0 545.0 242.0 706.0 223.0 0.0 649.0 887.0 641.0 769.0 812.0 638.0 863.0 309.0 769.0 793.0 687.0 22.0 236.0 924.0 368.0 463.0 465.0 548.0 750.0 741.0 601.0 483.0 888.0 195.0 569.0 757.0 268.0 1054.0 966.0 361.0 992.0 477.0 726.0 943.0 437.0 749.0 264.0 634.0 235.0 505.0 692.0 577.0 699.0 687.0 917.0 305.0 775.0 474.0 240.0 100.0 93.0 207.0 969.0 482.0 574.0 208.0 666.0 629.0 855.0 249.0 799.0 331.0 893.0 623.0 702.0 804.0 558.0 941.0 118.0 1051.0 287.0 
232.0 528.0 466.0 173.0 347.0 600.0 711.0 205.0 175.0 673.0 123.0 276.0 167.0 385.0 471.0 428.0 270.0 397.0 553.0 418.0 174.0 503.0 360.0 223.0 265.0 332.0 674.0 602.0 605.0 264.0 327.0 268.0 283.0 270.0 336.0 434.0 458.0 787.0 614.0 646.0 375.0 795.0 271.0 705.0 824.0 50.0 378.0 515.0 218.0 739.0 418.0 235.0 440.0 649.0 0.0 514.0 90.0 140.0 169.0 43.0 272.0 542.0 336.0 150.0 239.0 646.0 417.0 610.0 288.0 186.0 435.0 645.0 700.0 656.0 63.0 218.0 417.0 461.0 445.0 572.0 382.0 583.0 639.0 357.0 516.0 577.0 592.0 535.0 292.0 428.0 390.0 264.0 452.0 214.0 469.0 797.0 382.0 118.0 274.0 390.0 192.0 250.0 568.0 619.0 566.0 453.0 426.0 696.0 789.0 522.0 82.0 563.0 670.0 458.0 330.0 529.0 246.0 378.0 387.0 230.0 435.0 621.0 562.0 644.0 740.0 
615.0 182.0 876.0 402.0 485.0 118.0 643.0 714.0 519.0 802.0 618.0 729.0 438.0 140.0 215.0 130.0 356.0 340.0 248.0 382.0 569.0 870.0 283.0 297.0 721.0 506.0 956.0 622.0 504.0 571.0 294.0 479.0 465.0 656.0 369.0 254.0 771.0 1069.0 281.0 213.0 357.0 1081.0 737.0 339.0 669.0 480.0 702.0 593.0 491.0 595.0 749.0 281.0 767.0 887.0 514.0 0.0 603.0 586.0 559.0 476.0 709.0 609.0 841.0 468.0 751.0 872.0 732.0 104.0 660.0 568.0 430.0 492.0 374.0 328.0 562.0 467.0 900.0 771.0 331.0 219.0 695.0 194.0 126.0 535.0 159.0 493.0 272.0 63.0 743.0 138.0 719.0 776.0 802.0 689.0 210.0 638.0 190.0 398.0 482.0 591.0 666.0 714.0 677.0 915.0 796.0 697.0 251.0 598.0 631.0 873.0 593.0 342.0 241.0 822.0 827.0 585.0 508.0 264.0 187.0 325.0 338.0 112.0 769.0 165.0 793.0 
227.0 613.0 418.0 247.0 392.0 689.0 759.0 120.0 207.0 688.0 72.0 225.0 230.0 474.0 553.0 515.0 343.0 468.0 634.0 483.0 182.0 468.0 438.0 311.0 215.0 372.0 654.0 641.0 663.0 281.0 406.0 313.0 332.0 254.0 403.0 514.0 443.0 763.0 695.0 732.0 443.0 769.0 214.0 786.0 880.0 130.0 369.0 551.0 260.0 796.0 402.0 325.0 423.0 641.0 90.0 603.0 0.0 131.0 182.0 130.0 231.0 578.0 251.0 206.0 151.0 642.0 406.0 699.0 274.0 196.0 494.0 707.0 778.0 735.0 61.0 268.0 343.0 448.0 517.0 656.0 376.0 668.0 728.0 392.0 602.0 634.0 673.0 624.0 241.0 515.0 378.0 175.0 426.0 158.0 552.0 854.0 468.0 207.0 319.0 414.0 142.0 196.0 594.0 599.0 566.0 458.0 506.0 748.0 845.0 491.0 27.0 637.0 756.0 427.0 251.0 568.0 283.0 458.0 473.0 313.0 506.0 710.0 567.0 732.0 767.0 
352.0 558.0 546.0 188.0 486.0 686.0 850.0 161.0 95.0 806.0 71.0 149.0 305.0 473.0 584.0 523.0 268.0 528.0 667.0 552.0 54.0 598.0 369.0 322.0 344.0 471.0 784.0 741.0 742.0 396.0 339.0 202.0 423.0 131.0 470.0 553.0 572.0 893.0 624.0 746.0 507.0 900.0 341.0 819.0 962.0 132.0 497.0 654.0 150.0 876.0 531.0 327.0 552.0 769.0 140.0 586.0 131.0 0.0 56.0 175.0 138.0 681.0 266.0 125.0 202.0 769.0 534.0 688.0 402.0 314.0 572.0 780.0 820.0 773.0 171.0 357.0 314.0 576.0 573.0 681.0 502.0 613.0 712.0 496.0 551.0 714.0 708.0 593.0 369.0 525.0 506.0 257.0 557.0 286.0 581.0 934.0 487.0 210.0 206.0 526.0 81.0 324.0 705.0 729.0 691.0 581.0 438.0 834.0 925.0 622.0 105.0 689.0 772.0 558.0 245.0 668.0 165.0 498.0 492.0 265.0 564.0 697.0 691.0 692.0 878.0 
394.0 516.0 599.0 158.0 509.0 664.0 869.0 215.0 45.0 841.0 126.0 171.0 324.0 455.0 576.0 506.0 225.0 534.0 660.0 562.0 11.0 649.0 326.0 313.0 396.0 497.0 831.0 765.0 755.0 432.0 297.0 147.0 445.0 113.0 480.0 550.0 617.0 942.0 577.0 729.0 515.0 948.0 394.0 810.0 975.0 144.0 540.0 680.0 97.0 888.0 577.0 315.0 598.0 812.0 169.0 559.0 182.0 56.0 0.0 194.0 150.0 707.0 311.0 91.0 256.0 811.0 578.0 662.0 446.0 352.0 586.0 789.0 814.0 767.0 212.0 381.0 345.0 621.0 578.0 670.0 545.0 571.0 684.0 524.0 511.0 727.0 700.0 561.0 422.0 510.0 550.0 312.0 605.0 339.0 574.0 946.0 477.0 207.0 151.0 558.0 125.0 377.0 736.0 776.0 732.0 619.0 394.0 850.0 937.0 671.0 155.0 689.0 756.0 607.0 286.0 693.0 110.0 497.0 481.0 234.0 570.0 670.0 729.0 655.0 907.0 
228.0 499.0 477.0 161.0 315.0 560.0 677.0 247.0 192.0 652.0 165.0 315.0 131.0 345.0 428.0 386.0 255.0 357.0 510.0 379.0 201.0 507.0 338.0 182.0 281.0 303.0 669.0 571.0 568.0 248.0 306.0 272.0 252.0 301.0 296.0 392.0 452.0 784.0 589.0 604.0 335.0 792.0 290.0 663.0 788.0 53.0 372.0 486.0 227.0 702.0 414.0 196.0 436.0 638.0 43.0 476.0 130.0 175.0 194.0 0.0 310.0 513.0 378.0 155.0 280.0 634.0 411.0 570.0 285.0 178.0 398.0 606.0 658.0 613.0 88.0 187.0 460.0 455.0 404.0 530.0 374.0 553.0 600.0 331.0 486.0 539.0 550.0 499.0 307.0 386.0 385.0 301.0 452.0 234.0 427.0 760.0 340.0 84.0 279.0 368.0 233.0 268.0 543.0 615.0 553.0 438.0 402.0 660.0 751.0 524.0 124.0 522.0 628.0 460.0 373.0 499.0 257.0 336.0 345.0 206.0 394.0 582.0 546.0 609.0 714.0 
455.0 658.0 604.0 308.0 615.0 814.0 981.0 175.0 191.0 917.0 161.0 31.0 438.0 604.0 720.0 655.0 368.0 665.0 803.0 688.0 140.0 668.0 466.0 457.0 414.0 597.0 865.0 868.0 877.0 511.0 440.0 266.0 552.0 78.0 605.0 690.0 663.0 969.0 710.0 878.0 643.0 974.0 404.0 955.0 1096.0 270.0 593.0 779.0 230.0 1010.0 622.0 461.0 641.0 863.0 272.0 709.0 231.0 138.0 150.0 310.0 0.0 806.0 204.0 241.0 203.0 865.0 629.0 812.0 499.0 426.0 706.0 915.0 956.0 910.0 286.0 487.0 203.0 668.0 711.0 816.0 601.0 712.0 833.0 620.0 655.0 848.0 844.0 709.0 436.0 658.0 600.0 268.0 637.0 360.0 717.0 1068.0 622.0 346.0 267.0 644.0 90.0 394.0 824.0 810.0 791.0 686.0 532.0 967.0 1060.0 695.0 212.0 826.0 904.0 634.0 168.0 795.0 225.0 636.0 627.0 384.0 701.0 820.0 795.0 800.0 997.0 
373.0 759.0 481.0 628.0 200.0 592.0 199.0 676.0 701.0 194.0 645.0 802.0 385.0 506.0 399.0 486.0 686.0 275.0 410.0 230.0 714.0 420.0 711.0 478.0 481.0 211.0 397.0 68.0 188.0 302.0 691.0 761.0 263.0 811.0 276.0 356.0 307.0 494.0 870.0 545.0 266.0 507.0 503.0 487.0 341.0 564.0 300.0 27.0 726.0 275.0 320.0 495.0 321.0 309.0 542.0 609.0 578.0 681.0 707.0 513.0 806.0 0.0 787.0 656.0 684.0 290.0 296.0 632.0 358.0 385.0 182.0 247.0 442.0 433.0 520.0 326.0 900.0 302.0 279.0 455.0 287.0 792.0 673.0 186.0 736.0 170.0 420.0 670.0 480.0 476.0 310.0 654.0 364.0 504.0 403.0 323.0 434.0 526.0 768.0 172.0 718.0 493.0 72.0 375.0 235.0 206.0 742.0 212.0 317.0 403.0 594.0 322.0 549.0 391.0 804.0 25.0 757.0 355.0 436.0 614.0 272.0 648.0 200.0 771.0 208.0 
414.0 823.0 470.0 452.0 621.0 933.0 979.0 132.0 355.0 858.0 223.0 174.0 478.0 718.0 804.0 762.0 533.0 715.0 885.0 726.0 303.0 547.0 634.0 557.0 322.0 596.0 752.0 854.0 898.0 487.0 604.0 452.0 567.0 281.0 649.0 764.0 575.0 843.0 888.0 982.0 689.0 846.0 303.0 1037.0 1109.0 363.0 522.0 762.0 406.0 1028.0 536.0 568.0 551.0 769.0 336.0 841.0 251.0 266.0 311.0 378.0 204.0 787.0 0.0 390.0 107.0 776.0 550.0 940.0 438.0 409.0 732.0 946.0 1028.0 985.0 309.0 506.0 120.0 580.0 764.0 907.0 533.0 878.0 967.0 609.0 816.0 868.0 924.0 854.0 335.0 763.0 522.0 138.0 535.0 285.0 802.0 1084.0 717.0 446.0 455.0 616.0 187.0 305.0 788.0 699.0 714.0 627.0 703.0 975.0 1077.0 577.0 254.0 885.0 1005.0 523.0 42.0 782.0 412.0 709.0 722.0 528.0 753.0 950.0 727.0 955.0 954.0 
380.0 434.0 614.0 67.0 457.0 573.0 806.0 278.0 56.0 804.0 178.0 261.0 272.0 365.0 491.0 417.0 145.0 460.0 574.0 492.0 102.0 653.0 246.0 229.0 411.0 449.0 822.0 709.0 686.0 402.0 216.0 118.0 393.0 197.0 411.0 468.0 605.0 936.0 503.0 640.0 444.0 944.0 414.0 723.0 905.0 106.0 525.0 629.0 72.0 818.0 567.0 228.0 588.0 793.0 150.0 468.0 206.0 125.0 91.0 155.0 241.0 656.0 390.0 0.0 319.0 789.0 564.0 571.0 436.0 332.0 521.0 716.0 730.0 682.0 210.0 334.0 434.0 609.0 501.0 583.0 528.0 489.0 593.0 479.0 427.0 659.0 614.0 472.0 438.0 421.0 538.0 366.0 601.0 356.0 488.0 876.0 390.0 134.0 125.0 519.0 205.0 394.0 692.0 768.0 708.0 593.0 315.0 784.0 867.0 672.0 182.0 609.0 666.0 608.0 368.0 640.0 103.0 416.0 394.0 144.0 494.0 580.0 701.0 568.0 861.0 
312.0 748.0 406.0 375.0 515.0 839.0 875.0 42.0 297.0 765.0 142.0 179.0 373.0 623.0 702.0 666.0 464.0 610.0 782.0 620.0 251.0 477.0 564.0 461.0 233.0 491.0 679.0 751.0 792.0 383.0 533.0 403.0 460.0 266.0 543.0 661.0 488.0 777.0 821.0 882.0 584.0 781.0 217.0 933.0 1003.0 272.0 429.0 659.0 352.0 922.0 448.0 474.0 465.0 687.0 239.0 751.0 151.0 202.0 256.0 280.0 203.0 684.0 107.0 319.0 0.0 692.0 460.0 848.0 340.0 304.0 626.0 839.0 923.0 881.0 205.0 400.0 216.0 494.0 659.0 805.0 439.0 803.0 876.0 505.0 739.0 762.0 821.0 768.0 250.0 665.0 431.0 66.0 454.0 188.0 701.0 979.0 618.0 354.0 407.0 513.0 141.0 213.0 688.0 625.0 625.0 531.0 633.0 870.0 971.0 505.0 159.0 780.0 906.0 447.0 120.0 678.0 365.0 606.0 623.0 448.0 648.0 859.0 635.0 874.0 857.0 
418.0 1002.0 337.0 784.0 395.0 871.0 425.0 701.0 820.0 151.0 712.0 851.0 536.0 752.0 673.0 744.0 864.0 534.0 695.0 494.0 814.0 251.0 915.0 676.0 459.0 383.0 115.0 323.0 472.0 388.0 889.0 906.0 437.0 895.0 508.0 624.0 204.0 205.0 1112.0 832.0 516.0 217.0 475.0 776.0 561.0 685.0 273.0 295.0 860.0 524.0 244.0 697.0 227.0 22.0 646.0 872.0 642.0 769.0 811.0 634.0 865.0 290.0 776.0 789.0 692.0 0.0 237.0 909.0 368.0 460.0 449.0 528.0 730.0 722.0 600.0 475.0 895.0 199.0 553.0 740.0 267.0 1042.0 950.0 350.0 980.0 458.0 708.0 929.0 443.0 735.0 265.0 640.0 242.0 508.0 677.0 556.0 686.0 681.0 913.0 294.0 776.0 479.0 220.0 119.0 84.0 200.0 960.0 461.0 552.0 221.0 666.0 611.0 837.0 258.0 805.0 312.0 890.0 609.0 689.0 796.0 543.0 925.0 104.0 1037.0 267.0 
186.0 833.0 188.0 567.0 257.0 760.0 491.0 466.0 591.0 311.0 477.0 616.0 333.0 598.0 563.0 605.0 654.0 419.0 611.0 393.0 581.0 144.0 718.0 487.0 229.0 231.0 259.0 360.0 468.0 176.0 689.0 682.0 268.0 660.0 369.0 510.0 43.0 374.0 938.0 748.0 393.0 383.0 247.0 729.0 635.0 459.0 39.0 279.0 634.0 570.0 25.0 509.0 36.0 236.0 417.0 732.0 406.0 534.0 578.0 411.0 629.0 296.0 550.0 564.0 460.0 237.0 0.0 790.0 133.0 233.0 362.0 527.0 695.0 671.0 367.0 280.0 669.0 45.0 455.0 652.0 39.0 879.0 830.0 208.0 813.0 443.0 636.0 781.0 216.0 598.0 30.0 413.0 77.0 274.0 565.0 619.0 543.0 468.0 689.0 162.0 541.0 247.0 265.0 206.0 165.0 92.0 770.0 507.0 612.0 142.0 431.0 551.0 760.0 103.0 576.0 303.0 663.0 477.0 547.0 591.0 443.0 806.0 177.0 895.0 415.0 
690.0 251.0 946.0 505.0 536.0 44.0 633.0 812.0 623.0 824.0 717.0 831.0 519.0 226.0 236.0 194.0 459.0 379.0 232.0 416.0 672.0 932.0 383.0 389.0 802.0 560.0 1000.0 633.0 499.0 639.0 397.0 582.0 527.0 760.0 422.0 286.0 827.0 1110.0 329.0 141.0 401.0 1122.0 820.0 276.0 636.0 578.0 763.0 620.0 595.0 570.0 809.0 375.0 825.0 924.0 610.0 104.0 699.0 688.0 662.0 570.0 812.0 632.0 940.0 571.0 848.0 909.0 790.0 0.0 731.0 647.0 460.0 475.0 319.0 281.0 654.0 539.0 1002.0 826.0 357.0 190.0 755.0 242.0 42.0 586.0 233.0 494.0 241.0 131.0 822.0 199.0 781.0 870.0 863.0 774.0 233.0 607.0 255.0 495.0 585.0 641.0 768.0 797.0 702.0 962.0 836.0 745.0 345.0 585.0 600.0 932.0 690.0 331.0 164.0 885.0 927.0 608.0 612.0 314.0 250.0 429.0 366.0 17.0 807.0 161.0 799.0 
57.0 739.0 217.0 445.0 235.0 706.0 555.0 342.0 460.0 425.0 345.0 487.0 231.0 521.0 520.0 539.0 535.0 385.0 582.0 373.0 449.0 226.0 607.0 389.0 124.0 205.0 387.0 426.0 499.0 96.0 577.0 554.0 213.0 528.0 323.0 468.0 171.0 500.0 841.0 711.0 357.0 508.0 146.0 717.0 693.0 331.0 96.0 334.0 505.0 618.0 131.0 410.0 153.0 368.0 288.0 660.0 274.0 402.0 446.0 285.0 499.0 358.0 438.0 436.0 340.0 368.0 133.0 731.0 0.0 110.0 356.0 554.0 691.0 659.0 235.0 194.0 554.0 175.0 430.0 619.0 103.0 788.0 769.0 201.0 721.0 470.0 613.0 703.0 125.0 533.0 104.0 301.0 167.0 153.0 521.0 672.0 477.0 350.0 561.0 188.0 410.0 137.0 351.0 332.0 293.0 192.0 664.0 560.0 665.0 240.0 298.0 542.0 728.0 178.0 460.0 357.0 533.0 424.0 482.0 477.0 417.0 746.0 298.0 818.0 517.0 
54.0 635.0 318.0 336.0 213.0 625.0 572.0 292.0 361.0 494.0 266.0 420.0 131.0 429.0 451.0 453.0 426.0 331.0 522.0 331.0 356.0 335.0 498.0 286.0 158.0 188.0 491.0 450.0 491.0 85.0 468.0 449.0 164.0 444.0 264.0 402.0 274.0 606.0 735.0 643.0 303.0 614.0 177.0 666.0 700.0 227.0 194.0 359.0 402.0 619.0 237.0 307.0 258.0 463.0 186.0 568.0 196.0 314.0 352.0 178.0 426.0 385.0 409.0 332.0 304.0 460.0 233.0 647.0 110.0 0.0 329.0 540.0 647.0 610.0 144.0 116.0 518.0 278.0 379.0 554.0 197.0 686.0 683.0 202.0 618.0 461.0 557.0 606.0 176.0 449.0 207.0 285.0 276.0 144.0 452.0 676.0 393.0 241.0 456.0 219.0 338.0 156.0 398.0 437.0 380.0 268.0 556.0 567.0 668.0 350.0 216.0 499.0 662.0 287.0 422.0 377.0 431.0 352.0 398.0 368.0 367.0 661.0 378.0 721.0 571.0 
343.0 578.0 542.0 481.0 122.0 423.0 287.0 607.0 572.0 374.0 553.0 709.0 269.0 325.0 224.0 304.0 526.0 93.0 254.0 48.0 595.0 505.0 539.0 316.0 468.0 151.0 542.0 209.0 171.0 268.0 522.0 614.0 166.0 697.0 111.0 177.0 391.0 651.0 688.0 393.0 89.0 663.0 491.0 369.0 390.0 444.0 346.0 165.0 586.0 304.0 384.0 331.0 396.0 465.0 435.0 430.0 494.0 572.0 586.0 398.0 706.0 182.0 732.0 521.0 626.0 449.0 362.0 460.0 356.0 329.0 0.0 214.0 337.0 310.0 433.0 228.0 834.0 389.0 104.0 298.0 335.0 610.0 502.0 160.0 554.0 142.0 276.0 489.0 477.0 295.0 362.0 613.0 438.0 470.0 228.0 362.0 253.0 387.0 621.0 201.0 625.0 474.0 248.0 509.0 377.0 297.0 565.0 264.0 354.0 498.0 504.0 191.0 402.0 463.0 740.0 159.0 617.0 174.0 254.0 454.0 94.0 477.0 347.0 593.0 381.0 
550.0 668.0 714.0 668.0 329.0 432.0 159.0 821.0 770.0 401.0 764.0 920.0 480.0 441.0 288.0 397.0 695.0 256.0 247.0 228.0 798.0 661.0 685.0 495.0 672.0 356.0 638.0 206.0 60.0 473.0 674.0 798.0 379.0 901.0 311.0 275.0 545.0 728.0 772.0 356.0 274.0 741.0 695.0 262.0 193.0 649.0 522.0 254.0 777.0 109.0 551.0 504.0 557.0 548.0 645.0 492.0 707.0 780.0 789.0 606.0 915.0 247.0 946.0 716.0 839.0 528.0 527.0 475.0 554.0 540.0 214.0 0.0 210.0 217.0 646.0 441.0 1048.0 541.0 218.0 286.0 509.0 685.0 513.0 354.0 644.0 85.0 236.0 555.0 678.0 387.0 535.0 825.0 600.0 680.0 293.0 163.0 373.0 584.0 804.0 375.0 836.0 680.0 310.0 620.0 480.0 444.0 693.0 110.0 154.0 646.0 716.0 150.0 350.0 627.0 954.0 231.0 807.0 312.0 372.0 627.0 223.0 490.0 445.0 633.0 342.0 
671.0 554.0 878.0 670.0 456.0 278.0 360.0 897.0 786.0 610.0 822.0 967.0 551.0 385.0 239.0 330.0 667.0 317.0 157.0 319.0 824.0 836.0 627.0 502.0 797.0 486.0 838.0 412.0 260.0 599.0 626.0 785.0 486.0 925.0 385.0 267.0 720.0 933.0 644.0 180.0 345.0 946.0 819.0 55.0 326.0 689.0 681.0 443.0 778.0 275.0 718.0 502.0 728.0 750.0 700.0 374.0 778.0 820.0 814.0 658.0 956.0 442.0 1028.0 730.0 923.0 730.0 695.0 319.0 691.0 647.0 337.0 210.0 0.0 50.0 720.0 534.0 1117.0 717.0 268.0 162.0 670.0 556.0 349.0 496.0 531.0 273.0 118.0 430.0 809.0 323.0 697.0 923.0 771.0 791.0 242.0 299.0 341.0 611.0 790.0 534.0 889.0 800.0 511.0 815.0 676.0 621.0 614.0 310.0 293.0 826.0 780.0 150.0 163.0 797.0 1028.0 422.0 804.0 323.0 337.0 610.0 281.0 331.0 641.0 479.0 550.0 
637.0 509.0 852.0 622.0 427.0 238.0 373.0 854.0 738.0 609.0 778.0 921.0 510.0 336.0 191.0 281.0 618.0 280.0 108.0 287.0 777.0 814.0 578.0 455.0 762.0 456.0 828.0 410.0 259.0 566.0 577.0 736.0 452.0 877.0 347.0 222.0 698.0 926.0 602.0 146.0 308.0 939.0 784.0 59.0 357.0 643.0 656.0 431.0 729.0 297.0 694.0 454.0 705.0 741.0 656.0 328.0 735.0 773.0 767.0 613.0 910.0 433.0 985.0 682.0 881.0 722.0 671.0 281.0 659.0 610.0 310.0 217.0 50.0 0.0 677.0 496.0 1072.0 696.0 232.0 113.0 645.0 513.0 313.0 469.0 486.0 267.0 69.0 386.0 775.0 274.0 672.0 883.0 747.0 754.0 194.0 328.0 293.0 564.0 741.0 510.0 843.0 764.0 503.0 802.0 664.0 601.0 565.0 323.0 322.0 805.0 736.0 121.0 135.0 773.0 984.0 411.0 755.0 278.0 289.0 561.0 245.0 293.0 630.0 441.0 558.0 
183.0 587.0 404.0 236.0 332.0 641.0 699.0 178.0 227.0 637.0 126.0 283.0 170.0 428.0 498.0 467.0 332.0 408.0 578.0 422.0 215.0 444.0 421.0 266.0 203.0 313.0 620.0 583.0 602.0 227.0 389.0 326.0 272.0 300.0 343.0 457.0 406.0 732.0 674.0 680.0 383.0 740.0 209.0 729.0 819.0 112.0 329.0 493.0 275.0 735.0 366.0 282.0 387.0 601.0 63.0 562.0 61.0 171.0 212.0 88.0 286.0 520.0 309.0 210.0 205.0 600.0 367.0 654.0 235.0 144.0 433.0 646.0 720.0 677.0 0.0 207.0 403.0 410.0 457.0 601.0 334.0 641.0 685.0 334.0 573.0 573.0 616.0 586.0 230.0 465.0 339.0 217.0 396.0 151.0 497.0 793.0 416.0 171.0 332.0 359.0 199.0 187.0 539.0 566.0 521.0 411.0 487.0 688.0 785.0 465.0 75.0 578.0 703.0 400.0 311.0 510.0 301.0 401.0 421.0 291.0 446.0 666.0 521.0 697.0 712.0 
152.0 554.0 410.0 315.0 129.0 515.0 495.0 380.0 376.0 472.0 329.0 487.0 63.0 329.0 337.0 346.0 390.0 217.0 407.0 222.0 388.0 409.0 443.0 208.0 272.0 116.0 530.0 385.0 396.0 106.0 416.0 444.0 66.0 487.0 150.0 287.0 322.0 647.0 659.0 528.0 189.0 657.0 292.0 551.0 613.0 238.0 245.0 299.0 405.0 529.0 292.0 230.0 312.0 483.0 218.0 467.0 268.0 357.0 381.0 187.0 487.0 326.0 506.0 334.0 400.0 475.0 280.0 539.0 194.0 116.0 228.0 441.0 534.0 496.0 207.0 0.0 607.0 323.0 266.0 439.0 241.0 601.0 577.0 145.0 535.0 367.0 442.0 510.0 289.0 341.0 261.0 391.0 342.0 258.0 337.0 586.0 285.0 211.0 451.0 189.0 403.0 271.0 359.0 481.0 392.0 276.0 492.0 482.0 578.0 416.0 279.0 386.0 547.0 360.0 513.0 312.0 436.0 238.0 289.0 322.0 254.0 554.0 379.0 625.0 528.0 
528.0 859.0 586.0 500.0 727.0 1000.0 1089.0 228.0 388.0 977.0 296.0 176.0 572.0 786.0 886.0 834.0 568.0 810.0 969.0 825.0 335.0 665.0 667.0 630.0 440.0 704.0 870.0 966.0 1002.0 598.0 640.0 468.0 670.0 276.0 745.0 851.0 694.0 958.0 912.0 1056.0 785.0 961.0 422.0 1121.0 1216.0 434.0 640.0 874.0 431.0 1134.0 655.0 637.0 670.0 888.0 417.0 900.0 343.0 314.0 345.0 460.0 203.0 900.0 120.0 434.0 216.0 895.0 669.0 1002.0 554.0 518.0 834.0 1048.0 1117.0 1072.0 403.0 607.0 0.0 699.0 858.0 987.0 651.0 913.0 1025.0 719.0 855.0 973.0 1009.0 905.0 454.0 836.0 641.0 257.0 654.0 402.0 885.0 1191.0 794.0 517.0 469.0 729.0 235.0 423.0 903.0 817.0 833.0 744.0 734.0 1083.0 1183.0 695.0 338.0 978.0 1081.0 642.0 96.0 894.0 428.0 795.0 799.0 577.0 847.0 1011.0 845.0 999.0 1071.0 
229.0 875.0 182.0 612.0 291.0 795.0 493.0 503.0 635.0 289.0 517.0 654.0 377.0 638.0 596.0 643.0 699.0 452.0 641.0 423.0 624.0 120.0 762.0 530.0 262.0 267.0 214.0 364.0 482.0 221.0 734.0 726.0 307.0 701.0 405.0 544.0 6.0 330.0 981.0 778.0 427.0 338.0 278.0 754.0 637.0 504.0 84.0 289.0 678.0 576.0 47.0 552.0 30.0 195.0 461.0 771.0 448.0 576.0 621.0 455.0 668.0 302.0 580.0 609.0 494.0 199.0 45.0 826.0 175.0 278.0 389.0 541.0 717.0 696.0 410.0 323.0 699.0 0.0 485.0 683.0 84.0 920.0 867.0 241.0 855.0 458.0 664.0 821.0 246.0 635.0 72.0 443.0 64.0 310.0 599.0 622.0 581.0 513.0 733.0 190.0 580.0 281.0 262.0 161.0 135.0 98.0 814.0 512.0 617.0 110.0 472.0 576.0 789.0 90.0 608.0 313.0 707.0 513.0 585.0 636.0 473.0 842.0 155.0 934.0 399.0 
406.0 488.0 629.0 451.0 201.0 319.0 338.0 635.0 556.0 473.0 566.0 718.0 287.0 241.0 121.0 210.0 478.0 50.0 156.0 63.0 587.0 599.0 474.0 277.0 531.0 230.0 646.0 293.0 201.0 336.0 461.0 581.0 220.0 690.0 117.0 78.0 487.0 755.0 597.0 293.0 77.0 766.0 552.0 289.0 410.0 442.0 435.0 265.0 561.0 325.0 476.0 286.0 490.0 569.0 445.0 331.0 517.0 573.0 578.0 404.0 711.0 279.0 764.0 501.0 659.0 553.0 455.0 357.0 430.0 379.0 104.0 218.0 268.0 232.0 457.0 266.0 858.0 485.0 0.0 198.0 425.0 516.0 398.0 248.0 464.0 180.0 185.0 392.0 544.0 200.0 451.0 656.0 531.0 523.0 125.0 380.0 168.0 371.0 587.0 296.0 636.0 533.0 349.0 611.0 481.0 397.0 490.0 303.0 371.0 594.0 521.0 122.0 305.0 555.0 767.0 255.0 590.0 97.0 168.0 409.0 14.0 373.0 451.0 492.0 466.0 
588.0 400.0 823.0 520.0 397.0 147.0 443.0 775.0 638.0 644.0 692.0 830.0 440.0 227.0 105.0 172.0 510.0 236.0 46.0 261.0 680.0 796.0 466.0 360.0 710.0 425.0 838.0 449.0 310.0 524.0 466.0 630.0 407.0 779.0 297.0 152.0 684.0 944.0 497.0 96.0 263.0 956.0 730.0 142.0 453.0 554.0 631.0 446.0 626.0 383.0 673.0 356.0 687.0 757.0 572.0 219.0 656.0 681.0 670.0 530.0 816.0 455.0 907.0 583.0 805.0 740.0 652.0 190.0 619.0 554.0 298.0 286.0 162.0 113.0 601.0 439.0 987.0 683.0 198.0 0.0 621.0 408.0 229.0 445.0 377.0 307.0 54.0 279.0 726.0 166.0 648.0 813.0 728.0 694.0 105.0 423.0 195.0 472.0 635.0 494.0 755.0 710.0 527.0 806.0 673.0 594.0 453.0 395.0 416.0 792.0 654.0 142.0 110.0 752.0 902.0 432.0 650.0 204.0 190.0 456.0 210.0 205.0 641.0 348.0 612.0 
152.0 794.0 208.0 530.0 225.0 726.0 485.0 442.0 556.0 327.0 447.0 589.0 294.0 561.0 530.0 569.0 616.0 387.0 580.0 363.0 548.0 177.0 679.0 448.0 212.0 198.0 296.0 354.0 451.0 137.0 650.0 646.0 231.0 629.0 334.0 477.0 82.0 413.0 900.0 716.0 360.0 421.0 232.0 702.0 627.0 423.0 14.0 268.0 598.0 559.0 54.0 470.0 72.0 268.0 382.0 695.0 376.0 502.0 545.0 374.0 601.0 287.0 533.0 528.0 439.0 267.0 39.0 755.0 103.0 197.0 335.0 509.0 670.0 645.0 334.0 241.0 651.0 84.0 425.0 621.0 0.0 840.0 795.0 178.0 774.0 425.0 607.0 744.0 203.0 561.0 27.0 395.0 108.0 251.0 532.0 609.0 506.0 430.0 653.0 137.0 512.0 228.0 266.0 244.0 191.0 95.0 731.0 497.0 603.0 179.0 399.0 525.0 729.0 132.0 557.0 292.0 627.0 442.0 510.0 553.0 412.0 771.0 197.0 858.0 425.0 
737.0 56.0 1003.0 428.0 648.0 279.0 836.0 763.0 527.0 984.0 662.0 737.0 558.0 290.0 406.0 307.0 347.0 518.0 440.0 562.0 580.0 1009.0 246.0 400.0 826.0 664.0 1117.0 809.0 696.0 707.0 275.0 451.0 615.0 645.0 534.0 439.0 919.0 1233.0 90.0 381.0 530.0 1244.0 838.0 515.0 860.0 539.0 845.0 774.0 483.0 788.0 893.0 379.0 912.0 1054.0 583.0 194.0 668.0 613.0 571.0 553.0 712.0 792.0 878.0 489.0 803.0 1042.0 879.0 242.0 788.0 686.0 610.0 685.0 556.0 513.0 641.0 601.0 913.0 920.0 516.0 408.0 840.0 0.0 225.0 696.0 69.0 684.0 462.0 131.0 850.0 317.0 862.0 842.0 943.0 784.0 401.0 830.0 359.0 470.0 451.0 752.0 693.0 815.0 857.0 1072.0 962.0 856.0 180.0 791.0 823.0 1017.0 651.0 535.0 405.0 960.0 856.0 768.0 489.0 438.0 357.0 356.0 522.0 234.0 939.0 112.0 982.0 
727.0 244.0 984.0 526.0 577.0 83.0 671.0 840.0 643.0 865.0 744.0 854.0 554.0 259.0 278.0 231.0 475.0 420.0 271.0 457.0 694.0 972.0 393.0 420.0 838.0 601.0 1041.0 673.0 538.0 677.0 409.0 596.0 566.0 778.0 462.0 327.0 867.0 1151.0 310.0 170.0 442.0 1163.0 855.0 302.0 669.0 606.0 803.0 661.0 612.0 606.0 849.0 405.0 866.0 966.0 639.0 126.0 728.0 712.0 684.0 600.0 833.0 673.0 967.0 593.0 876.0 950.0 830.0 42.0 769.0 683.0 502.0 513.0 349.0 313.0 685.0 577.0 1025.0 867.0 398.0 229.0 795.0 225.0 0.0 627.0 228.0 534.0 278.0 133.0 859.0 237.0 820.0 901.0 903.0 809.0 274.0 641.0 293.0 523.0 599.0 681.0 792.0 832.0 744.0 1003.0 877.0 786.0 348.0 622.0 634.0 972.0 718.0 370.0 189.0 925.0 953.0 649.0 628.0 355.0 288.0 450.0 408.0 25.0 848.0 132.0 839.0 
200.0 654.0 383.0 458.0 51.0 554.0 371.0 493.0 521.0 329.0 460.0 617.0 208.0 408.0 356.0 406.0 527.0 211.0 404.0 186.0 530.0 352.0 569.0 329.0 320.0 34.0 423.0 250.0 299.0 124.0 545.0 588.0 91.0 627.0 167.0 304.0 242.0 538.0 763.0 540.0 187.0 549.0 343.0 527.0 501.0 382.0 188.0 159.0 550.0 422.0 229.0 350.0 243.0 361.0 357.0 535.0 392.0 496.0 524.0 331.0 620.0 186.0 609.0 479.0 505.0 350.0 208.0 586.0 201.0 202.0 160.0 354.0 496.0 469.0 334.0 145.0 719.0 241.0 248.0 445.0 178.0 696.0 627.0 0.0 633.0 270.0 430.0 588.0 325.0 398.0 204.0 481.0 284.0 332.0 359.0 478.0 345.0 354.0 596.0 57.0 533.0 328.0 214.0 380.0 268.0 162.0 611.0 368.0 471.0 349.0 408.0 349.0 552.0 308.0 623.0 176.0 581.0 274.0 349.0 457.0 235.0 602.0 248.0 700.0 384.0 
669.0 25.0 935.0 365.0 585.0 264.0 791.0 699.0 468.0 927.0 598.0 679.0 491.0 230.0 359.0 255.0 287.0 462.0 404.0 507.0 521.0 942.0 190.0 333.0 758.0 600.0 1053.0 757.0 651.0 641.0 215.0 398.0 551.0 590.0 473.0 388.0 854.0 1169.0 134.0 365.0 472.0 1180.0 770.0 496.0 825.0 472.0 779.0 717.0 426.0 749.0 826.0 311.0 846.0 992.0 516.0 159.0 602.0 551.0 511.0 486.0 655.0 736.0 816.0 427.0 739.0 980.0 813.0 233.0 721.0 618.0 554.0 644.0 531.0 486.0 573.0 535.0 855.0 855.0 464.0 377.0 774.0 69.0 228.0 633.0 0.0 636.0 430.0 105.0 782.0 265.0 796.0 776.0 877.0 716.0 354.0 794.0 302.0 402.0 399.0 689.0 631.0 747.0 800.0 1008.0 900.0 793.0 130.0 748.0 786.0 950.0 585.0 495.0 391.0 894.0 794.0 712.0 435.0 381.0 300.0 291.0 469.0 230.0 877.0 149.0 930.0 
468.0 660.0 630.0 616.0 249.0 452.0 159.0 745.0 711.0 343.0 694.0 851.0 411.0 419.0 279.0 383.0 652.0 206.0 263.0 168.0 735.0 578.0 654.0 446.0 589.0 275.0 566.0 145.0 30.0 391.0 640.0 748.0 303.0 838.0 248.0 251.0 462.0 661.0 768.0 391.0 216.0 674.0 612.0 319.0 249.0 585.0 437.0 174.0 723.0 163.0 467.0 458.0 473.0 477.0 577.0 493.0 634.0 714.0 727.0 539.0 848.0 170.0 868.0 659.0 762.0 458.0 443.0 494.0 470.0 461.0 142.0 85.0 273.0 267.0 573.0 367.0 973.0 458.0 180.0 307.0 425.0 684.0 534.0 270.0 636.0 0.0 265.0 555.0 595.0 372.0 451.0 745.0 517.0 599.0 284.0 221.0 347.0 526.0 755.0 290.0 766.0 597.0 238.0 544.0 405.0 361.0 669.0 126.0 213.0 565.0 644.0 166.0 390.0 543.0 878.0 151.0 753.0 276.0 346.0 582.0 180.0 510.0 369.0 645.0 306.0 
587.0 453.0 812.0 554.0 385.0 197.0 393.0 792.0 670.0 605.0 714.0 856.0 451.0 268.0 124.0 214.0 550.0 229.0 41.0 245.0 710.0 780.0 512.0 388.0 711.0 414.0 810.0 408.0 265.0 519.0 510.0 668.0 402.0 810.0 295.0 160.0 666.0 913.0 550.0 127.0 257.0 925.0 732.0 113.0 400.0 578.0 617.0 414.0 661.0 331.0 658.0 387.0 671.0 726.0 592.0 272.0 673.0 708.0 700.0 550.0 844.0 420.0 924.0 614.0 821.0 708.0 636.0 241.0 613.0 557.0 276.0 236.0 118.0 69.0 616.0 442.0 1009.0 664.0 185.0 54.0 607.0 462.0 278.0 430.0 430.0 265.0 0.0 332.0 725.0 206.0 634.0 825.0 712.0 699.0 127.0 370.0 225.0 498.0 673.0 476.0 778.0 712.0 492.0 780.0 644.0 572.0 502.0 345.0 362.0 774.0 673.0 100.0 129.0 737.0 922.0 398.0 687.0 216.0 221.0 493.0 198.0 255.0 612.0 400.0 567.0 
655.0 125.0 919.0 406.0 539.0 160.0 706.0 730.0 519.0 863.0 631.0 731.0 476.0 183.0 278.0 186.0 346.0 398.0 310.0 442.0 571.0 917.0 261.0 326.0 756.0 558.0 1010.0 684.0 567.0 615.0 278.0 466.0 514.0 651.0 423.0 315.0 820.0 1124.0 219.0 262.0 414.0 1135.0 771.0 392.0 730.0 497.0 749.0 653.0 485.0 657.0 797.0 307.0 815.0 943.0 535.0 63.0 624.0 593.0 561.0 499.0 709.0 670.0 854.0 472.0 768.0 929.0 781.0 131.0 703.0 606.0 489.0 555.0 430.0 386.0 586.0 510.0 905.0 821.0 392.0 279.0 744.0 131.0 133.0 588.0 105.0 555.0 332.0 0.0 778.0 196.0 767.0 798.0 849.0 720.0 273.0 700.0 244.0 418.0 469.0 645.0 674.0 748.0 737.0 968.0 851.0 750.0 216.0 661.0 692.0 922.0 611.0 405.0 287.0 869.0 837.0 646.0 499.0 321.0 241.0 329.0 398.0 130.0 826.0 116.0 855.0 
139.0 798.0 178.0 464.0 356.0 801.0 678.0 264.0 447.0 526.0 302.0 419.0 305.0 603.0 624.0 628.0 560.0 497.0 692.0 490.0 422.0 233.0 645.0 454.0 27.0 326.0 430.0 547.0 623.0 210.0 613.0 551.0 324.0 481.0 432.0 574.0 240.0 533.0 893.0 816.0 469.0 538.0 34.0 832.0 817.0 341.0 191.0 457.0 499.0 742.0 202.0 474.0 217.0 437.0 292.0 743.0 241.0 369.0 422.0 307.0 436.0 480.0 335.0 438.0 250.0 443.0 216.0 822.0 125.0 176.0 477.0 678.0 809.0 775.0 230.0 289.0 454.0 246.0 544.0 726.0 203.0 850.0 859.0 325.0 782.0 595.0 725.0 778.0 0.0 624.0 190.0 198.0 205.0 84.0 625.0 796.0 569.0 387.0 557.0 312.0 353.0 46.0 467.0 376.0 379.0 298.0 708.0 684.0 789.0 259.0 267.0 659.0 834.0 198.0 363.0 480.0 523.0 526.0 574.0 513.0 531.0 837.0 393.0 893.0 627.0 
492.0 289.0 748.0 357.0 348.0 179.0 528.0 632.0 476.0 668.0 543.0 673.0 322.0 62.0 101.0 11.0 345.0 203.0 169.0 247.0 520.0 737.0 308.0 207.0 604.0 370.0 819.0 493.0 388.0 441.0 305.0 465.0 331.0 617.0 232.0 123.0 635.0 932.0 398.0 221.0 219.0 943.0 623.0 308.0 575.0 403.0 569.0 459.0 462.0 495.0 615.0 199.0 632.0 749.0 428.0 138.0 515.0 525.0 510.0 386.0 658.0 476.0 763.0 421.0 665.0 735.0 598.0 199.0 533.0 449.0 295.0 387.0 323.0 274.0 465.0 341.0 836.0 635.0 200.0 166.0 561.0 317.0 237.0 398.0 265.0 372.0 206.0 196.0 624.0 0.0 586.0 682.0 669.0 579.0 96.0 544.0 57.0 319.0 470.0 454.0 601.0 600.0 542.0 778.0 658.0 559.0 307.0 487.0 536.0 739.0 509.0 242.0 247.0 690.0 754.0 452.0 486.0 127.0 52.0 291.0 205.0 214.0 632.0 303.0 666.0 
158.0 815.0 181.0 542.0 251.0 751.0 508.0 438.0 564.0 337.0 448.0 587.0 312.0 584.0 556.0 593.0 630.0 413.0 607.0 390.0 553.0 152.0 696.0 468.0 201.0 224.0 284.0 376.0 477.0 156.0 667.0 656.0 255.0 631.0 360.0 503.0 68.0 399.0 920.0 743.0 387.0 408.0 220.0 729.0 650.0 433.0 18.0 292.0 607.0 583.0 32.0 490.0 53.0 264.0 390.0 719.0 378.0 506.0 550.0 385.0 600.0 310.0 522.0 538.0 431.0 265.0 30.0 781.0 104.0 207.0 362.0 535.0 697.0 672.0 339.0 261.0 641.0 72.0 451.0 648.0 27.0 862.0 820.0 204.0 796.0 451.0 634.0 767.0 190.0 586.0 0.0 385.0 83.0 245.0 558.0 633.0 531.0 444.0 662.0 164.0 511.0 219.0 285.0 231.0 194.0 112.0 750.0 521.0 626.0 156.0 402.0 552.0 756.0 105.0 548.0 316.0 636.0 467.0 535.0 568.0 439.0 796.0 205.0 881.0 439.0 
282.0 787.0 344.0 417.0 497.0 858.0 849.0 100.0 350.0 721.0 190.0 244.0 374.0 644.0 709.0 683.0 509.0 607.0 787.0 612.0 308.0 418.0 608.0 482.0 185.0 471.0 621.0 722.0 775.0 358.0 576.0 458.0 447.0 331.0 539.0 665.0 438.0 716.0 865.0 895.0 579.0 720.0 166.0 936.0 981.0 304.0 384.0 630.0 406.0 902.0 399.0 496.0 415.0 634.0 264.0 776.0 175.0 257.0 312.0 301.0 268.0 654.0 138.0 366.0 66.0 640.0 413.0 870.0 301.0 285.0 613.0 825.0 923.0 883.0 217.0 391.0 257.0 443.0 656.0 813.0 395.0 842.0 901.0 481.0 776.0 745.0 825.0 798.0 198.0 682.0 385.0 0.0 400.0 151.0 709.0 958.0 632.0 381.0 462.0 483.0 203.0 167.0 652.0 567.0 576.0 489.0 676.0 848.0 950.0 447.0 191.0 777.0 917.0 390.0 166.0 651.0 421.0 611.0 637.0 486.0 644.0 882.0 589.0 906.0 818.0 
224.0 896.0 119.0 612.0 332.0 833.0 556.0 468.0 622.0 348.0 494.0 621.0 390.0 666.0 637.0 676.0 702.0 494.0 687.0 469.0 606.0 69.0 772.0 547.0 225.0 305.0 229.0 426.0 541.0 237.0 742.0 719.0 338.0 677.0 442.0 585.0 59.0 338.0 1000.0 823.0 468.0 344.0 238.0 805.0 700.0 497.0 101.0 349.0 669.0 638.0 55.0 569.0 44.0 235.0 452.0 802.0 426.0 557.0 605.0 452.0 637.0 364.0 535.0 601.0 454.0 242.0 77.0 863.0 167.0 276.0 438.0 600.0 771.0 747.0 396.0 342.0 654.0 64.0 531.0 728.0 108.0 943.0 903.0 284.0 877.0 517.0 712.0 849.0 205.0 669.0 83.0 400.0 0.0 278.0 640.0 685.0 613.0 517.0 725.0 238.0 552.0 245.0 325.0 174.0 191.0 158.0 827.0 575.0 679.0 75.0 452.0 627.0 836.0 27.0 565.0 374.0 696.0 549.0 618.0 643.0 518.0 879.0 215.0 964.0 460.0 
133.0 731.0 261.0 386.0 352.0 757.0 699.0 193.0 364.0 577.0 219.0 345.0 258.0 551.0 591.0 582.0 483.0 475.0 664.0 475.0 339.0 314.0 571.0 395.0 58.0 325.0 507.0 571.0 628.0 209.0 539.0 468.0 307.0 400.0 407.0 543.0 305.0 612.0 822.0 781.0 447.0 618.0 59.0 809.0 832.0 263.0 242.0 479.0 416.0 754.0 264.0 413.0 283.0 505.0 214.0 689.0 158.0 286.0 339.0 234.0 360.0 504.0 285.0 356.0 188.0 508.0 274.0 774.0 153.0 144.0 470.0 680.0 791.0 754.0 151.0 258.0 402.0 310.0 523.0 694.0 251.0 784.0 809.0 332.0 716.0 599.0 699.0 720.0 84.0 579.0 245.0 151.0 278.0 0.0 591.0 810.0 525.0 316.0 474.0 332.0 274.0 39.0 503.0 452.0 439.0 344.0 635.0 699.0 802.0 339.0 184.0 643.0 801.0 276.0 307.0 500.0 439.0 491.0 530.0 440.0 511.0 788.0 448.0 833.0 670.0 
488.0 378.0 730.0 428.0 309.0 197.0 437.0 671.0 544.0 596.0 589.0 730.0 336.0 153.0 6.0 106.0 429.0 148.0 87.0 184.0 583.0 708.0 401.0 261.0 608.0 335.0 768.0 412.0 297.0 426.0 395.0 545.0 310.0 684.0 200.0 56.0 600.0 878.0 485.0 192.0 173.0 889.0 628.0 238.0 480.0 453.0 541.0 389.0 536.0 400.0 585.0 260.0 600.0 692.0 469.0 210.0 552.0 581.0 574.0 427.0 717.0 403.0 802.0 488.0 701.0 677.0 565.0 233.0 521.0 452.0 228.0 293.0 242.0 194.0 497.0 337.0 885.0 599.0 125.0 105.0 532.0 401.0 274.0 359.0 354.0 284.0 127.0 273.0 625.0 96.0 558.0 709.0 640.0 591.0 0.0 449.0 99.0 372.0 550.0 411.0 653.0 607.0 473.0 731.0 604.0 515.0 402.0 395.0 441.0 707.0 550.0 147.0 211.0 663.0 799.0 379.0 562.0 100.0 96.0 369.0 134.0 249.0 575.0 368.0 583.0 
677.0 818.0 803.0 829.0 465.0 563.0 133.0 964.0 929.0 410.0 914.0 1071.0 631.0 600.0 444.0 554.0 857.0 416.0 391.0 385.0 955.0 737.0 845.0 656.0 794.0 489.0 670.0 259.0 192.0 601.0 836.0 960.0 522.0 1057.0 467.0 436.0 627.0 740.0 918.0 473.0 432.0 752.0 817.0 352.0 32.0 804.0 622.0 342.0 938.0 58.0 642.0 665.0 643.0 577.0 797.0 638.0 854.0 934.0 946.0 760.0 1068.0 323.0 1084.0 876.0 979.0 556.0 619.0 607.0 672.0 676.0 362.0 163.0 299.0 328.0 793.0 586.0 1191.0 622.0 380.0 423.0 609.0 830.0 641.0 478.0 794.0 221.0 370.0 700.0 796.0 544.0 633.0 958.0 685.0 810.0 449.0 0.0 534.0 743.0 966.0 485.0 987.0 804.0 364.0 665.0 531.0 528.0 850.0 113.0 9.0 718.0 864.0 303.0 460.0 712.0 1096.0 318.0 967.0 474.0 532.0 789.0 385.0 620.0 496.0 767.0 312.0 
436.0 325.0 692.0 329.0 296.0 233.0 505.0 586.0 446.0 625.0 500.0 636.0 268.0 74.0 103.0 63.0 332.0 160.0 185.0 205.0 487.0 682.0 312.0 166.0 550.0 316.0 767.0 457.0 365.0 385.0 303.0 446.0 276.0 586.0 180.0 99.0 581.0 881.0 436.0 265.0 172.0 892.0 568.0 334.0 565.0 361.0 513.0 416.0 437.0 481.0 560.0 163.0 577.0 699.0 382.0 190.0 468.0 487.0 477.0 340.0 622.0 434.0 717.0 390.0 618.0 686.0 543.0 255.0 477.0 393.0 253.0 373.0 341.0 293.0 416.0 285.0 794.0 581.0 168.0 195.0 506.0 359.0 293.0 345.0 302.0 347.0 225.0 244.0 569.0 57.0 531.0 632.0 613.0 525.0 99.0 534.0 0.0 279.0 452.0 402.0 561.0 546.0 499.0 725.0 608.0 507.0 323.0 467.0 525.0 684.0 464.0 237.0 289.0 634.0 711.0 411.0 463.0 80.0 6.0 271.0 170.0 270.0 582.0 355.0 630.0 
294.0 416.0 552.0 105.0 328.0 488.0 673.0 318.0 186.0 682.0 225.0 358.0 148.0 272.0 374.0 318.0 186.0 329.0 458.0 359.0 217.0 575.0 260.0 113.0 361.0 323.0 726.0 578.0 553.0 296.0 229.0 236.0 266.0 319.0 278.0 345.0 510.0 842.0 507.0 540.0 311.0 851.0 372.0 610.0 772.0 85.0 430.0 500.0 201.0 685.0 475.0 122.0 496.0 687.0 118.0 398.0 207.0 210.0 207.0 84.0 346.0 526.0 446.0 134.0 354.0 681.0 468.0 495.0 350.0 241.0 387.0 584.0 611.0 564.0 171.0 211.0 517.0 513.0 371.0 472.0 430.0 470.0 523.0 354.0 402.0 526.0 498.0 418.0 387.0 319.0 444.0 381.0 517.0 316.0 372.0 743.0 279.0 0.0 243.0 399.0 283.0 349.0 566.0 673.0 598.0 482.0 322.0 650.0 734.0 590.0 196.0 483.0 565.0 528.0 436.0 509.0 232.0 291.0 283.0 128.0 364.0 506.0 588.0 527.0 733.0 
505.0 399.0 734.0 141.0 570.0 596.0 907.0 366.0 114.0 923.0 275.0 295.0 388.0 408.0 554.0 463.0 128.0 551.0 634.0 587.0 157.0 776.0 211.0 310.0 530.0 565.0 946.0 818.0 780.0 526.0 191.0 8.0 508.0 195.0 511.0 541.0 730.0 1060.0 444.0 676.0 539.0 1068.0 532.0 776.0 996.0 230.0 650.0 742.0 59.0 910.0 691.0 302.0 713.0 917.0 274.0 482.0 319.0 206.0 151.0 279.0 267.0 768.0 455.0 125.0 407.0 913.0 689.0 585.0 561.0 456.0 621.0 804.0 790.0 741.0 332.0 451.0 469.0 733.0 587.0 635.0 653.0 451.0 599.0 596.0 399.0 755.0 673.0 469.0 557.0 470.0 662.0 462.0 725.0 474.0 550.0 966.0 452.0 243.0 0.0 639.0 272.0 513.0 808.0 892.0 831.0 715.0 272.0 880.0 957.0 796.0 293.0 684.0 704.0 731.0 425.0 750.0 44.0 495.0 455.0 182.0 582.0 590.0 823.0 547.0 975.0 
202.0 711.0 345.0 503.0 106.0 608.0 368.0 507.0 559.0 285.0 484.0 639.0 252.0 464.0 408.0 462.0 577.0 264.0 451.0 234.0 564.0 305.0 623.0 383.0 311.0 89.0 366.0 240.0 318.0 134.0 597.0 632.0 144.0 657.0 223.0 356.0 191.0 481.0 820.0 589.0 240.0 492.0 333.0 568.0 506.0 420.0 149.0 148.0 591.0 432.0 185.0 403.0 196.0 305.0 390.0 591.0 414.0 526.0 558.0 368.0 644.0 172.0 616.0 519.0 513.0 294.0 162.0 641.0 188.0 219.0 201.0 375.0 534.0 510.0 359.0 189.0 729.0 190.0 296.0 494.0 137.0 752.0 681.0 57.0 689.0 290.0 476.0 645.0 312.0 454.0 164.0 483.0 238.0 332.0 411.0 485.0 402.0 399.0 639.0 0.0 556.0 322.0 180.0 324.0 212.0 106.0 666.0 373.0 478.0 299.0 433.0 390.0 600.0 264.0 633.0 170.0 621.0 329.0 405.0 507.0 284.0 657.0 194.0 756.0 353.0 
366.0 638.0 524.0 269.0 530.0 765.0 896.0 103.0 169.0 828.0 74.0 85.0 357.0 551.0 655.0 599.0 347.0 589.0 738.0 609.0 117.0 585.0 448.0 396.0 329.0 511.0 780.0 781.0 796.0 422.0 419.0 269.0 468.0 131.0 528.0 622.0 575.0 885.0 701.0 822.0 566.0 890.0 321.0 891.0 1014.0 201.0 505.0 692.0 221.0 929.0 534.0 403.0 553.0 775.0 192.0 666.0 142.0 81.0 125.0 233.0 90.0 718.0 187.0 205.0 141.0 776.0 541.0 768.0 410.0 338.0 625.0 836.0 889.0 843.0 199.0 403.0 235.0 580.0 636.0 755.0 512.0 693.0 792.0 533.0 631.0 766.0 778.0 674.0 353.0 601.0 511.0 203.0 552.0 274.0 653.0 987.0 561.0 283.0 272.0 556.0 0.0 309.0 736.0 725.0 702.0 597.0 517.0 884.0 978.0 611.0 125.0 754.0 847.0 549.0 164.0 708.0 229.0 566.0 566.0 346.0 626.0 777.0 706.0 773.0 908.0 
131.0 763.0 223.0 422.0 353.0 778.0 690.0 224.0 402.0 554.0 257.0 377.0 279.0 576.0 607.0 604.0 519.0 485.0 677.0 482.0 377.0 277.0 606.0 422.0 21.0 325.0 472.0 561.0 626.0 208.0 574.0 507.0 314.0 437.0 418.0 558.0 275.0 576.0 855.0 798.0 457.0 582.0 24.0 821.0 826.0 299.0 218.0 469.0 454.0 749.0 235.0 442.0 253.0 474.0 250.0 714.0 196.0 324.0 377.0 268.0 394.0 493.0 305.0 394.0 213.0 479.0 247.0 797.0 137.0 156.0 474.0 680.0 800.0 764.0 187.0 271.0 423.0 281.0 533.0 710.0 228.0 815.0 832.0 328.0 747.0 597.0 712.0 748.0 46.0 600.0 219.0 167.0 245.0 39.0 607.0 804.0 546.0 349.0 513.0 322.0 309.0 0.0 487.0 417.0 412.0 323.0 669.0 693.0 797.0 303.0 222.0 651.0 817.0 240.0 330.0 491.0 478.0 507.0 551.0 474.0 520.0 811.0 423.0 862.0 651.0 
377.0 823.0 443.0 669.0 241.0 663.0 232.0 684.0 734.0 127.0 664.0 818.0 421.0 570.0 469.0 552.0 734.0 340.0 481.0 296.0 742.0 374.0 766.0 528.0 472.0 244.0 329.0 109.0 253.0 314.0 744.0 801.0 300.0 836.0 333.0 424.0 267.0 424.0 934.0 617.0 329.0 436.0 494.0 556.0 376.0 595.0 278.0 84.0 763.0 322.0 288.0 547.0 285.0 240.0 568.0 677.0 594.0 705.0 736.0 543.0 824.0 72.0 788.0 692.0 688.0 220.0 265.0 702.0 351.0 398.0 248.0 310.0 511.0 503.0 539.0 359.0 903.0 262.0 349.0 527.0 266.0 857.0 744.0 214.0 800.0 238.0 492.0 737.0 467.0 542.0 285.0 652.0 325.0 503.0 473.0 364.0 499.0 566.0 808.0 180.0 736.0 487.0 0.0 312.0 173.0 174.0 800.0 257.0 359.0 354.0 613.0 393.0 620.0 351.0 808.0 95.0 794.0 420.0 501.0 662.0 340.0 719.0 137.0 840.0 173.0 
388.0 1029.0 238.0 772.0 430.0 928.0 532.0 640.0 792.0 267.0 667.0 794.0 536.0 786.0 728.0 786.0 859.0 584.0 762.0 549.0 778.0 154.0 922.0 688.0 397.0 410.0 56.0 420.0 562.0 380.0 893.0 885.0 458.0 850.0 546.0 677.0 164.0 169.0 1136.0 900.0 563.0 178.0 409.0 858.0 672.0 663.0 244.0 373.0 837.0 628.0 202.0 710.0 180.0 100.0 619.0 915.0 599.0 729.0 776.0 615.0 810.0 375.0 699.0 768.0 625.0 119.0 206.0 962.0 332.0 437.0 509.0 620.0 815.0 802.0 566.0 481.0 817.0 161.0 611.0 806.0 244.0 1072.0 1003.0 380.0 1008.0 544.0 780.0 968.0 376.0 778.0 231.0 567.0 174.0 452.0 731.0 665.0 725.0 673.0 892.0 324.0 725.0 417.0 312.0 0.0 140.0 219.0 972.0 565.0 661.0 123.0 624.0 685.0 908.0 179.0 732.0 394.0 865.0 653.0 729.0 796.0 600.0 979.0 176.0 1080.0 385.0 
340.0 922.0 301.0 701.0 315.0 800.0 398.0 631.0 740.0 158.0 637.0 779.0 453.0 673.0 600.0 667.0 781.0 459.0 628.0 421.0 736.0 221.0 832.0 593.0 393.0 301.0 166.0 281.0 422.0 306.0 806.0 824.0 355.0 819.0 429.0 551.0 141.0 275.0 1031.0 766.0 440.0 286.0 411.0 719.0 541.0 604.0 199.0 234.0 779.0 492.0 178.0 614.0 164.0 93.0 566.0 796.0 566.0 691.0 732.0 553.0 791.0 235.0 714.0 708.0 625.0 84.0 165.0 836.0 293.0 380.0 377.0 480.0 676.0 664.0 521.0 392.0 833.0 135.0 481.0 673.0 191.0 962.0 877.0 268.0 900.0 405.0 644.0 851.0 379.0 658.0 194.0 576.0 191.0 439.0 604.0 531.0 608.0 598.0 831.0 212.0 702.0 412.0 173.0 140.0 0.0 117.0 877.0 428.0 526.0 196.0 589.0 548.0 773.0 213.0 741.0 254.0 809.0 532.0 611.0 713.0 471.0 852.0 37.0 960.0 273.0 
232.0 814.0 275.0 585.0 212.0 712.0 400.0 533.0 626.0 234.0 529.0 677.0 337.0 569.0 512.0 568.0 665.0 367.0 551.0 335.0 624.0 218.0 718.0 479.0 306.0 193.0 262.0 270.0 384.0 191.0 691.0 708.0 243.0 710.0 328.0 460.0 102.0 377.0 922.0 689.0 345.0 388.0 327.0 659.0 544.0 489.0 107.0 192.0 664.0 481.0 115.0 501.0 116.0 207.0 453.0 697.0 458.0 581.0 619.0 438.0 686.0 206.0 627.0 593.0 531.0 200.0 92.0 745.0 192.0 268.0 297.0 444.0 621.0 601.0 411.0 276.0 744.0 98.0 397.0 594.0 95.0 856.0 786.0 162.0 793.0 361.0 572.0 750.0 298.0 559.0 112.0 489.0 158.0 344.0 515.0 528.0 507.0 482.0 715.0 106.0 597.0 323.0 174.0 219.0 117.0 0.0 764.0 417.0 522.0 206.0 480.0 482.0 699.0 185.0 650.0 216.0 694.0 434.0 510.0 598.0 385.0 761.0 111.0 861.0 330.0 
609.0 128.0 872.0 260.0 569.0 367.0 828.0 592.0 350.0 926.0 491.0 558.0 438.0 253.0 407.0 297.0 170.0 475.0 469.0 520.0 403.0 889.0 69.0 285.0 682.0 578.0 1021.0 774.0 688.0 594.0 101.0 271.0 523.0 465.0 468.0 420.0 812.0 1138.0 190.0 463.0 477.0 1148.0 692.0 585.0 881.0 378.0 734.0 720.0 303.0 801.0 781.0 264.0 801.0 969.0 426.0 251.0 506.0 438.0 394.0 402.0 532.0 742.0 703.0 315.0 633.0 960.0 770.0 345.0 664.0 556.0 565.0 693.0 614.0 565.0 487.0 492.0 734.0 814.0 490.0 453.0 731.0 180.0 348.0 611.0 130.0 669.0 502.0 216.0 708.0 307.0 750.0 676.0 827.0 635.0 402.0 850.0 323.0 322.0 272.0 666.0 517.0 669.0 800.0 972.0 877.0 764.0 0.0 789.0 842.0 901.0 486.0 549.0 491.0 841.0 679.0 720.0 309.0 397.0 324.0 196.0 491.0 346.0 859.0 278.0 945.0 
566.0 772.0 692.0 741.0 357.0 541.0 51.0 856.0 835.0 321.0 811.0 968.0 530.0 537.0 389.0 498.0 778.0 331.0 356.0 294.0 858.0 629.0 777.0 571.0 682.0 380.0 575.0 150.0 103.0 491.0 764.0 874.0 417.0 960.0 373.0 369.0 517.0 654.0 878.0 464.0 342.0 666.0 705.0 363.0 134.0 707.0 510.0 230.0 848.0 65.0 531.0 583.0 532.0 482.0 696.0 598.0 748.0 834.0 850.0 660.0 967.0 212.0 975.0 784.0 870.0 461.0 507.0 585.0 560.0 567.0 264.0 110.0 310.0 323.0 688.0 482.0 1083.0 512.0 303.0 395.0 497.0 791.0 622.0 368.0 748.0 126.0 345.0 661.0 684.0 487.0 521.0 848.0 575.0 699.0 395.0 113.0 467.0 650.0 880.0 373.0 884.0 693.0 257.0 565.0 428.0 417.0 789.0 0.0 106.0 610.0 760.0 257.0 457.0 601.0 988.0 206.0 879.0 399.0 466.0 708.0 305.0 600.0 392.0 742.0 244.0 
670.0 810.0 797.0 821.0 457.0 557.0 129.0 956.0 920.0 407.0 906.0 1063.0 623.0 591.0 436.0 546.0 849.0 408.0 384.0 376.0 946.0 732.0 837.0 648.0 787.0 481.0 667.0 254.0 184.0 594.0 827.0 951.0 514.0 1049.0 458.0 427.0 621.0 738.0 911.0 467.0 423.0 750.0 810.0 347.0 40.0 796.0 616.0 336.0 929.0 50.0 636.0 657.0 637.0 574.0 789.0 631.0 845.0 925.0 937.0 751.0 1060.0 317.0 1077.0 867.0 971.0 552.0 612.0 600.0 665.0 668.0 354.0 154.0 293.0 322.0 785.0 578.0 1183.0 617.0 371.0 416.0 603.0 823.0 634.0 471.0 786.0 213.0 362.0 692.0 789.0 536.0 626.0 950.0 679.0 802.0 441.0 9.0 525.0 734.0 957.0 478.0 978.0 797.0 359.0 661.0 526.0 522.0 842.0 106.0 0.0 712.0 856.0 294.0 454.0 706.0 1088.0 312.0 959.0 466.0 524.0 780.0 376.0 613.0 491.0 760.0 310.0 
297.0 970.0 117.0 684.0 398.0 902.0 586.0 522.0 691.0 351.0 557.0 677.0 464.0 739.0 704.0 746.0 775.0 560.0 750.0 532.0 673.0 32.0 846.0 621.0 282.0 373.0 175.0 461.0 587.0 310.0 816.0 789.0 409.0 739.0 511.0 652.0 108.0 274.0 1074.0 887.0 535.0 280.0 292.0 863.0 730.0 568.0 173.0 393.0 739.0 674.0 125.0 643.0 107.0 208.0 522.0 873.0 491.0 622.0 671.0 524.0 695.0 403.0 577.0 672.0 505.0 221.0 142.0 932.0 240.0 350.0 498.0 646.0 826.0 805.0 465.0 416.0 695.0 110.0 594.0 792.0 179.0 1017.0 972.0 349.0 950.0 565.0 774.0 922.0 259.0 739.0 156.0 447.0 75.0 339.0 707.0 718.0 684.0 590.0 796.0 299.0 611.0 303.0 354.0 123.0 196.0 206.0 901.0 610.0 712.0 0.0 517.0 686.0 899.0 65.0 610.0 417.0 765.0 618.0 688.0 716.0 582.0 948.0 227.0 1036.0 468.0 
249.0 596.0 445.0 227.0 406.0 681.0 772.0 123.0 181.0 709.0 52.0 209.0 237.0 466.0 552.0 509.0 321.0 473.0 633.0 490.0 156.0 494.0 418.0 304.0 241.0 387.0 679.0 657.0 674.0 300.0 386.0 288.0 344.0 231.0 409.0 514.0 468.0 789.0 675.0 728.0 449.0 795.0 240.0 786.0 891.0 115.0 393.0 567.0 235.0 806.0 427.0 316.0 447.0 666.0 82.0 593.0 27.0 105.0 155.0 124.0 212.0 594.0 254.0 182.0 159.0 666.0 431.0 690.0 298.0 216.0 504.0 716.0 780.0 736.0 75.0 279.0 338.0 472.0 521.0 654.0 399.0 651.0 718.0 408.0 585.0 644.0 673.0 611.0 267.0 509.0 402.0 191.0 452.0 184.0 550.0 864.0 464.0 196.0 293.0 433.0 125.0 222.0 613.0 624.0 589.0 480.0 486.0 760.0 856.0 517.0 0.0 641.0 752.0 453.0 249.0 584.0 257.0 458.0 469.0 295.0 511.0 701.0 590.0 717.0 785.0 
522.0 519.0 732.0 554.0 308.0 288.0 303.0 755.0 665.0 506.0 685.0 835.0 408.0 299.0 142.0 252.0 568.0 171.0 100.0 170.0 699.0 694.0 546.0 381.0 648.0 338.0 713.0 309.0 169.0 450.0 539.0 678.0 337.0 801.0 238.0 144.0 579.0 815.0 622.0 226.0 198.0 827.0 670.0 179.0 334.0 557.0 536.0 317.0 664.0 255.0 574.0 385.0 585.0 629.0 563.0 342.0 637.0 689.0 689.0 522.0 826.0 322.0 885.0 609.0 780.0 611.0 551.0 331.0 542.0 499.0 191.0 150.0 150.0 121.0 578.0 386.0 978.0 576.0 122.0 142.0 525.0 535.0 370.0 349.0 495.0 166.0 100.0 405.0 659.0 242.0 552.0 777.0 627.0 643.0 147.0 303.0 237.0 483.0 684.0 390.0 754.0 651.0 393.0 685.0 548.0 482.0 549.0 257.0 294.0 686.0 641.0 0.0 228.0 653.0 887.0 299.0 692.0 194.0 235.0 503.0 133.0 347.0 515.0 486.0 470.0 
696.0 411.0 932.0 601.0 505.0 128.0 507.0 874.0 721.0 732.0 788.0 920.0 546.0 302.0 211.0 250.0 577.0 345.0 149.0 367.0 766.0 903.0 517.0 452.0 818.0 533.0 938.0 534.0 387.0 633.0 524.0 700.0 516.0 861.0 406.0 261.0 791.0 1042.0 493.0 28.0 372.0 1054.0 838.0 114.0 488.0 649.0 739.0 543.0 703.0 431.0 781.0 445.0 794.0 855.0 670.0 241.0 756.0 772.0 756.0 628.0 904.0 549.0 1005.0 666.0 906.0 837.0 760.0 164.0 728.0 662.0 402.0 350.0 163.0 135.0 703.0 547.0 1081.0 789.0 305.0 110.0 729.0 405.0 189.0 552.0 391.0 390.0 129.0 287.0 834.0 247.0 756.0 917.0 836.0 801.0 211.0 460.0 289.0 565.0 704.0 600.0 847.0 817.0 620.0 908.0 773.0 699.0 491.0 457.0 454.0 899.0 752.0 228.0 0.0 860.0 999.0 526.0 725.0 310.0 284.0 531.0 318.0 174.0 740.0 320.0 689.0 
234.0 913.0 92.0 621.0 356.0 856.0 582.0 462.0 626.0 370.0 493.0 616.0 405.0 686.0 661.0 697.0 712.0 518.0 711.0 493.0 608.0 49.0 785.0 563.0 220.0 329.0 233.0 453.0 568.0 254.0 755.0 725.0 359.0 675.0 464.0 608.0 85.0 337.0 1016.0 847.0 491.0 343.0 231.0 831.0 726.0 504.0 123.0 376.0 674.0 665.0 80.0 585.0 71.0 249.0 458.0 822.0 427.0 558.0 607.0 460.0 634.0 391.0 523.0 608.0 447.0 258.0 103.0 885.0 178.0 287.0 463.0 627.0 797.0 773.0 400.0 360.0 642.0 90.0 555.0 752.0 132.0 960.0 925.0 308.0 894.0 543.0 737.0 869.0 198.0 690.0 105.0 390.0 27.0 276.0 663.0 712.0 634.0 528.0 731.0 264.0 549.0 240.0 351.0 179.0 213.0 185.0 841.0 601.0 706.0 65.0 453.0 653.0 860.0 0.0 555.0 401.0 701.0 572.0 639.0 654.0 543.0 901.0 238.0 983.0 484.0 
432.0 801.0 505.0 433.0 632.0 923.0 994.0 134.0 330.0 883.0 212.0 137.0 480.0 707.0 800.0 754.0 510.0 718.0 882.0 732.0 277.0 581.0 611.0 548.0 348.0 609.0 785.0 870.0 908.0 503.0 582.0 423.0 576.0 245.0 653.0 763.0 603.0 878.0 862.0 975.0 693.0 881.0 331.0 1035.0 1121.0 352.0 547.0 778.0 379.0 1038.0 563.0 558.0 580.0 799.0 330.0 827.0 251.0 245.0 286.0 373.0 168.0 804.0 42.0 368.0 120.0 805.0 576.0 927.0 460.0 422.0 740.0 954.0 1028.0 984.0 311.0 513.0 96.0 608.0 767.0 902.0 557.0 856.0 953.0 623.0 794.0 878.0 922.0 837.0 363.0 754.0 548.0 166.0 565.0 307.0 799.0 1096.0 711.0 436.0 425.0 633.0 164.0 330.0 808.0 732.0 741.0 650.0 679.0 988.0 1088.0 610.0 249.0 887.0 999.0 555.0 0.0 798.0 382.0 707.0 716.0 509.0 756.0 937.0 752.0 936.0 976.0 
369.0 736.0 490.0 610.0 184.0 568.0 199.0 669.0 686.0 218.0 635.0 792.0 370.0 483.0 375.0 462.0 666.0 251.0 386.0 206.0 700.0 432.0 690.0 457.0 480.0 198.0 417.0 74.0 172.0 296.0 670.0 743.0 248.0 798.0 254.0 332.0 317.0 516.0 846.0 522.0 244.0 529.0 502.0 466.0 338.0 549.0 305.0 25.0 709.0 267.0 327.0 475.0 331.0 331.0 529.0 585.0 568.0 668.0 693.0 499.0 795.0 25.0 782.0 640.0 678.0 312.0 303.0 608.0 357.0 377.0 159.0 231.0 422.0 411.0 510.0 312.0 894.0 313.0 255.0 432.0 292.0 768.0 649.0 176.0 712.0 151.0 398.0 646.0 480.0 452.0 316.0 651.0 374.0 500.0 379.0 318.0 411.0 509.0 750.0 170.0 708.0 491.0 95.0 394.0 254.0 216.0 720.0 206.0 312.0 417.0 584.0 299.0 526.0 401.0 798.0 0.0 740.0 332.0 412.0 594.0 248.0 624.0 219.0 747.0 228.0 
478.0 436.0 700.0 139.0 558.0 621.0 903.0 324.0 76.0 906.0 234.0 253.0 374.0 426.0 566.0 480.0 154.0 551.0 647.0 586.0 114.0 745.0 246.0 313.0 496.0 551.0 919.0 809.0 780.0 504.0 222.0 41.0 495.0 156.0 507.0 549.0 703.0 1032.0 485.0 697.0 537.0 1040.0 496.0 792.0 997.0 205.0 624.0 730.0 32.0 911.0 664.0 307.0 685.0 893.0 246.0 508.0 283.0 165.0 110.0 257.0 225.0 757.0 412.0 103.0 365.0 890.0 663.0 612.0 533.0 431.0 617.0 807.0 804.0 755.0 301.0 436.0 428.0 707.0 590.0 650.0 627.0 489.0 628.0 581.0 435.0 753.0 687.0 499.0 523.0 486.0 636.0 421.0 696.0 439.0 562.0 967.0 463.0 232.0 44.0 621.0 229.0 478.0 794.0 865.0 809.0 694.0 309.0 879.0 959.0 765.0 257.0 692.0 725.0 701.0 382.0 740.0 0.0 500.0 467.0 195.0 584.0 618.0 803.0 582.0 962.0 
389.0 405.0 635.0 362.0 224.0 285.0 434.0 577.0 471.0 546.0 500.0 646.0 237.0 152.0 100.0 136.0 383.0 81.0 177.0 126.0 506.0 618.0 379.0 188.0 509.0 247.0 693.0 379.0 297.0 329.0 365.0 489.0 214.0 608.0 108.0 56.0 513.0 806.0 515.0 291.0 93.0 817.0 529.0 328.0 505.0 367.0 450.0 336.0 472.0 420.0 495.0 194.0 512.0 623.0 378.0 264.0 458.0 498.0 497.0 336.0 636.0 355.0 709.0 416.0 606.0 609.0 477.0 314.0 424.0 352.0 174.0 312.0 323.0 278.0 401.0 238.0 795.0 513.0 97.0 204.0 442.0 438.0 355.0 274.0 381.0 276.0 216.0 321.0 526.0 127.0 467.0 611.0 549.0 491.0 100.0 474.0 80.0 291.0 495.0 329.0 566.0 507.0 420.0 653.0 532.0 434.0 397.0 399.0 466.0 618.0 458.0 194.0 310.0 572.0 707.0 332.0 500.0 0.0 82.0 315.0 96.0 330.0 506.0 429.0 552.0 
441.0 324.0 697.0 334.0 299.0 228.0 504.0 591.0 450.0 627.0 505.0 640.0 273.0 73.0 99.0 59.0 335.0 162.0 181.0 207.0 491.0 686.0 314.0 171.0 554.0 319.0 770.0 458.0 365.0 390.0 305.0 450.0 280.0 590.0 183.0 98.0 585.0 884.0 434.0 260.0 174.0 895.0 573.0 330.0 563.0 366.0 517.0 417.0 441.0 480.0 564.0 167.0 581.0 702.0 387.0 187.0 473.0 492.0 481.0 345.0 627.0 436.0 722.0 394.0 623.0 689.0 547.0 250.0 482.0 398.0 254.0 372.0 337.0 289.0 421.0 289.0 799.0 585.0 168.0 190.0 510.0 357.0 288.0 349.0 300.0 346.0 221.0 241.0 574.0 52.0 535.0 637.0 618.0 530.0 96.0 532.0 6.0 283.0 455.0 405.0 566.0 551.0 501.0 729.0 611.0 510.0 324.0 466.0 524.0 688.0 469.0 235.0 284.0 639.0 716.0 412.0 467.0 82.0 0.0 274.0 171.0 265.0 585.0 352.0 631.0 
421.0 301.0 679.0 78.0 422.0 432.0 737.0 408.0 195.0 783.0 308.0 404.0 261.0 231.0 373.0 286.0 73.0 377.0 454.0 416.0 245.0 702.0 133.0 139.0 487.0 424.0 847.0 658.0 606.0 416.0 101.0 176.0 366.0 333.0 345.0 360.0 633.0 964.0 384.0 504.0 368.0 973.0 496.0 598.0 819.0 184.0 553.0 589.0 172.0 733.0 599.0 125.0 620.0 804.0 230.0 325.0 313.0 265.0 234.0 206.0 384.0 614.0 528.0 144.0 448.0 796.0 591.0 429.0 477.0 368.0 454.0 627.0 610.0 561.0 291.0 322.0 577.0 636.0 409.0 456.0 553.0 356.0 450.0 457.0 291.0 582.0 493.0 329.0 513.0 291.0 568.0 486.0 643.0 440.0 369.0 789.0 271.0 128.0 182.0 507.0 346.0 474.0 662.0 796.0 713.0 598.0 196.0 708.0 780.0 716.0 295.0 503.0 531.0 654.0 509.0 594.0 195.0 315.0 274.0 0.0 405.0 437.0 699.0 428.0 822.0 
393.0 492.0 616.0 445.0 188.0 330.0 339.0 624.0 549.0 465.0 556.0 708.0 276.0 243.0 130.0 215.0 475.0 38.0 169.0 51.0 579.0 586.0 474.0 272.0 518.0 217.0 635.0 289.0 203.0 323.0 460.0 575.0 207.0 682.0 105.0 84.0 475.0 744.0 602.0 306.0 65.0 756.0 540.0 302.0 415.0 433.0 422.0 257.0 554.0 329.0 464.0 281.0 477.0 558.0 435.0 338.0 506.0 564.0 570.0 394.0 701.0 272.0 753.0 494.0 648.0 543.0 443.0 366.0 417.0 367.0 94.0 223.0 281.0 245.0 446.0 254.0 847.0 473.0 14.0 210.0 412.0 522.0 408.0 235.0 469.0 180.0 198.0 398.0 531.0 205.0 439.0 644.0 518.0 511.0 134.0 385.0 170.0 364.0 582.0 284.0 626.0 520.0 340.0 600.0 471.0 385.0 491.0 305.0 376.0 582.0 511.0 133.0 318.0 543.0 756.0 248.0 584.0 96.0 171.0 405.0 0.0 383.0 441.0 500.0 462.0 
705.0 247.0 961.0 513.0 552.0 59.0 648.0 823.0 631.0 840.0 728.0 840.0 533.0 239.0 253.0 209.0 465.0 395.0 247.0 432.0 681.0 947.0 387.0 401.0 816.0 576.0 1016.0 649.0 515.0 654.0 401.0 587.0 542.0 767.0 438.0 302.0 843.0 1126.0 321.0 152.0 417.0 1138.0 834.0 286.0 649.0 589.0 779.0 636.0 601.0 585.0 825.0 386.0 841.0 941.0 621.0 112.0 710.0 697.0 670.0 582.0 820.0 648.0 950.0 580.0 859.0 925.0 806.0 17.0 746.0 661.0 477.0 490.0 331.0 293.0 666.0 554.0 1011.0 842.0 373.0 205.0 771.0 234.0 25.0 602.0 230.0 510.0 255.0 130.0 837.0 214.0 796.0 882.0 879.0 788.0 249.0 620.0 270.0 506.0 590.0 657.0 777.0 811.0 719.0 979.0 852.0 761.0 346.0 600.0 613.0 948.0 701.0 347.0 174.0 901.0 937.0 624.0 618.0 330.0 265.0 437.0 383.0 0.0 823.0 149.0 815.0 
341.0 899.0 329.0 691.0 293.0 770.0 363.0 639.0 736.0 135.0 639.0 785.0 441.0 649.0 571.0 641.0 768.0 431.0 596.0 392.0 734.0 251.0 816.0 576.0 405.0 281.0 199.0 245.0 387.0 300.0 790.0 816.0 337.0 820.0 405.0 522.0 160.0 304.0 1009.0 734.0 413.0 316.0 424.0 685.0 506.0 598.0 206.0 199.0 772.0 456.0 194.0 597.0 183.0 118.0 562.0 769.0 567.0 691.0 729.0 546.0 795.0 200.0 727.0 701.0 635.0 104.0 177.0 807.0 298.0 378.0 347.0 445.0 641.0 630.0 521.0 379.0 845.0 155.0 451.0 641.0 197.0 939.0 848.0 248.0 877.0 369.0 612.0 826.0 393.0 632.0 205.0 589.0 215.0 448.0 575.0 496.0 582.0 588.0 823.0 194.0 706.0 423.0 137.0 176.0 37.0 111.0 859.0 392.0 491.0 227.0 590.0 515.0 740.0 238.0 752.0 219.0 803.0 506.0 585.0 699.0 441.0 823.0 0.0 934.0 246.0 
770.0 152.0 1034.0 504.0 650.0 204.0 789.0 835.0 612.0 964.0 735.0 824.0 591.0 298.0 373.0 294.0 433.0 504.0 386.0 546.0 665.0 1031.0 337.0 440.0 870.0 670.0 1121.0 779.0 653.0 730.0 361.0 546.0 628.0 737.0 534.0 416.0 934.0 1234.0 186.0 300.0 521.0 1246.0 885.0 433.0 796.0 603.0 864.0 756.0 572.0 730.0 911.0 421.0 929.0 1051.0 644.0 165.0 732.0 692.0 655.0 609.0 800.0 771.0 955.0 568.0 874.0 1037.0 895.0 161.0 818.0 721.0 593.0 633.0 479.0 441.0 697.0 625.0 999.0 934.0 492.0 348.0 858.0 112.0 132.0 700.0 149.0 645.0 400.0 116.0 893.0 303.0 881.0 906.0 964.0 833.0 368.0 767.0 355.0 527.0 547.0 756.0 773.0 862.0 840.0 1080.0 960.0 861.0 278.0 742.0 760.0 1036.0 717.0 486.0 320.0 983.0 936.0 747.0 582.0 429.0 352.0 428.0 500.0 149.0 934.0 0.0 949.0 
548.0 954.0 574.0 835.0 406.0 757.0 196.0 854.0 904.0 119.0 836.0 991.0 589.0 703.0 579.0 676.0 894.0 472.0 569.0 427.0 914.0 494.0 917.0 685.0 635.0 413.0 377.0 173.0 303.0 486.0 898.0 968.0 468.0 1009.0 482.0 543.0 405.0 433.0 1063.0 692.0 468.0 445.0 656.0 603.0 310.0 766.0 436.0 234.0 931.0 295.0 435.0 702.0 426.0 287.0 740.0 793.0 767.0 878.0 907.0 714.0 997.0 208.0 954.0 861.0 857.0 267.0 415.0 799.0 517.0 571.0 381.0 342.0 550.0 558.0 712.0 528.0 1071.0 399.0 466.0 612.0 425.0 982.0 839.0 384.0 930.0 306.0 567.0 855.0 627.0 666.0 439.0 818.0 460.0 670.0 583.0 312.0 630.0 733.0 975.0 353.0 908.0 651.0 173.0 385.0 273.0 330.0 945.0 244.0 310.0 468.0 785.0 470.0 689.0 484.0 976.0 228.0 962.0 552.0 631.0 822.0 462.0 815.0 246.0 949.0 0.0 
