125 0.0 5
1 897 149
2 115 279
3 415 547
4 576 925
5 317 382
6 272 909
7 202 739
8 254 770
9 889 53
10 741 638
11 112 791
12 608 853
13 122 970
14 876 666
15 439 648
16 279 256
17 861 966
18 567 520
19 362 286
20 913 979
21 518 659
22 290 941
23 686 686
24 957 773
25 997 599
26 388 135
27 449 107
28 491 408
29 666 778
30 493 271
31 837 597
32 895 94
33 780 935
34 8 76
35 245 302
36 506 959
37 579 919
38 323 723
39 394 377
40 431 93
41 722 139
42 71 772
43 392 577
44 805 668
45 906 101
46 700 848
47 174 24
48 455 701
49 189 285
50 687 460
51 175 853
52 933 168
53 393 575
54 898 24
55 175 129
56 862 904
57 961 667
58 810 704
59 415 247
60 395 477
61 116 396
62 931 990
63 472 937
64 14 445
65 74 438
66 125 490
67 67 604
68 548 269
69 966 550
70 60 864
71 960 580
72 691 218
73 488 505
74 958 788
75 559 232
76 903 423
77 888 305
78 111 801
79 141 116
80 650 664
81 81 424
82 614 62
83 729 823
84 807 855
85 105 761
86 767 652
87 716 596
88 706 387
89 245 916
90 958 580
91 409 686
92 174 498
93 300 653
94 894 312
95 13 690
96 569 740
97 528 131
98 401 527
99 243 547
100 264 754
101 475 151
102 832 963
103 707 961
104 232 101
105 214 530
106 221 673
107 995 815
108 799 592
109 309 534
110 895 772
111 491 345
112 270 183
113 337 395
114 62 722
115 923 912
116 200 299
117 139 607
118 651 559
119 451 379
120 822 93
121 566 860
122 666 776
123 511 495
124 776 690
125 388 342
opening costs
712 218 816 516 331 903 65 454 690 1 403 134 734 127 282 602 213 258 521 604 942 931 929 810 738 757 661 796 705 306 26 856 456 932 410 7 626 42 38 2 530 430 763 706 128 344 488 808 198 147 823 287 465 509 810 41 235 406 64 175 895 210 223 784 490 250 942 535 574 554 196 80 93 330 554 164 41 466 987 896 748 408 266 292 677 691 434 697 561 909 295 455 463 255 670 675 537 833 727 676 552 580 798 357 717 110 69 102 545 926 604 110 652 806 794 1000 560 403 988 401 928 385 169 876 552 
star costs
0.0 793.0 626.0 840.0 626.0 984.0 912.0 894.0 97.0 514.0 1015.0 762.0 1130.0 518.0 678.0 628.0 818.0 497.0 553.0 831.0 636.0 998.0 577.0 627.0 461.0 510.0 450.0 482.0 671.0 423.0 452.0 56.0 795.0 892.0 670.0 900.0 834.0 812.0 553.0 470.0 176.0 1035.0 662.0 528.0 49.0 727.0 734.0 708.0 721.0 376.0 1009.0 41.0 660.0 126.0 723.0 756.0 522.0 562.0 492.0 600.0 820.0 842.0 896.0 932.0 873.0 844.0 947.0 370.0 407.0 1101.0 436.0 218.0 543.0 642.0 349.0 275.0 157.0 1022.0 757.0 572.0 862.0 297.0 695.0 712.0 1001.0 520.0 483.0 306.0 1007.0 436.0 726.0 803.0 782.0 164.0 1037.0 676.0 370.0 624.0 766.0 876.0 423.0 817.0 834.0 667.0 783.0 856.0 674.0 454.0 703.0 624.0 451.0 628.0 612.0 1013.0 764.0 713.0 886.0 479.0 502.0 94.0 785.0 669.0 519.0 555.0 545.0 
793.0 0.0 403.0 794.0 227.0 650.0 469.0 511.0 807.0 722.0 513.0 757.0 692.0 854.0 492.0 166.0 1015.0 513.0 248.0 1062.0 554.0 685.0 702.0 977.0 939.0 309.0 376.0 398.0 744.0 379.0 789.0 802.0 935.0 230.0 133.0 785.0 791.0 491.0 296.0 367.0 623.0 495.0 407.0 793.0 811.0 817.0 262.0 542.0 75.0 600.0 578.0 826.0 407.0 824.0 162.0 974.0 931.0 815.0 302.0 343.0 118.0 1083.0 749.0 195.0 165.0 212.0 329.0 434.0 894.0 588.0 898.0 580.0 437.0 985.0 447.0 802.0 774.0 523.0 166.0 660.0 149.0 545.0 821.0 901.0 483.0 752.0 680.0 601.0 651.0 896.0 503.0 227.0 418.0 780.0 424.0 648.0 439.0 379.0 297.0 498.0 383.0 991.0 904.0 214.0 270.0 409.0 1031.0 753.0 321.0 923.0 382.0 183.0 251.0 447.0 1027.0 88.0 329.0 605.0 351.0 732.0 736.0 743.0 452.0 779.0 281.0 
626.0 403.0 0.0 411.0 192.0 390.0 287.0 276.0 685.0 339.0 390.0 362.0 515.0 477.0 104.0 322.0 612.0 155.0 267.0 660.0 153.0 414.0 305.0 588.0 585.0 413.0 442.0 159.0 342.0 287.0 425.0 661.0 533.0 623.0 299.0 422.0 407.0 199.0 172.0 455.0 511.0 412.0 38.0 409.0 664.0 415.0 576.0 160.0 347.0 286.0 389.0 642.0 36.0 712.0 482.0 573.0 560.0 426.0 300.0 73.0 335.0 681.0 395.0 414.0 358.0 296.0 353.0 309.0 552.0 476.0 546.0 430.0 85.0 595.0 347.0 504.0 532.0 397.0 511.0 263.0 356.0 525.0 419.0 499.0 377.0 368.0 305.0 333.0 407.0 545.0 140.0 246.0 157.0 534.0 427.0 247.0 432.0 25.0 172.0 257.0 401.0 590.0 507.0 483.0 202.0 232.0 639.0 387.0 107.0 531.0 216.0 392.0 171.0 394.0 626.0 329.0 283.0 237.0 172.0 610.0 348.0 340.0 110.0 389.0 207.0 
840.0 794.0 411.0 0.0 602.0 305.0 418.0 358.0 927.0 332.0 483.0 79.0 457.0 397.0 310.0 732.0 288.0 406.0 674.0 342.0 273.0 287.0 264.0 411.0 533.0 813.0 828.0 524.0 173.0 660.0 420.0 891.0 205.0 1022.0 706.0 78.0 7.0 324.0 578.0 845.0 800.0 528.0 394.0 345.0 888.0 146.0 987.0 255.0 748.0 479.0 408.0 837.0 395.0 957.0 892.0 287.0 464.0 322.0 697.0 484.0 702.0 361.0 105.0 740.0 700.0 627.0 602.0 657.0 542.0 520.0 517.0 717.0 430.0 406.0 694.0 600.0 695.0 482.0 919.0 272.0 705.0 864.0 184.0 242.0 499.0 334.0 358.0 554.0 332.0 515.0 292.0 587.0 388.0 691.0 611.0 186.0 796.0 435.0 504.0 356.0 781.0 259.0 136.0 893.0 536.0 436.0 434.0 401.0 474.0 354.0 587.0 803.0 582.0 553.0 348.0 731.0 541.0 374.0 561.0 868.0 66.0 175.0 435.0 309.0 613.0 
626.0 227.0 192.0 602.0 0.0 529.0 376.0 394.0 660.0 496.0 458.0 554.0 620.0 628.0 293.0 132.0 799.0 286.0 107.0 844.0 343.0 560.0 479.0 750.0 714.0 258.0 306.0 176.0 528.0 209.0 563.0 646.0 722.0 435.0 108.0 608.0 598.0 342.0 78.0 311.0 473.0 462.0 209.0 566.0 653.0 604.0 386.0 348.0 161.0 379.0 492.0 653.0 208.0 683.0 291.0 755.0 705.0 589.0 167.0 123.0 202.0 865.0 577.0 310.0 250.0 221.0 335.0 258.0 671.0 547.0 673.0 409.0 211.0 759.0 285.0 588.0 577.0 467.0 319.0 437.0 240.0 437.0 604.0 682.0 435.0 525.0 453.0 390.0 539.0 671.0 318.0 185.0 272.0 582.0 433.0 438.0 328.0 168.0 181.0 376.0 280.0 777.0 699.0 294.0 181.0 307.0 805.0 526.0 153.0 698.0 178.0 205.0 24.0 425.0 806.0 144.0 287.0 379.0 135.0 582.0 539.0 527.0 225.0 553.0 82.0 
984.0 650.0 390.0 305.0 529.0 0.0 184.0 141.0 1056.0 542.0 199.0 341.0 162.0 652.0 310.0 654.0 592.0 489.0 630.0 645.0 351.0 37.0 471.0 699.0 789.0 783.0 822.0 547.0 416.0 676.0 646.0 1026.0 509.0 874.0 608.0 240.0 308.0 193.0 546.0 832.0 892.0 244.0 354.0 585.0 1028.0 433.0 891.0 278.0 630.0 612.0 113.0 993.0 356.0 1085.0 787.0 591.0 731.0 576.0 678.0 450.0 537.0 664.0 202.0 531.0 511.0 445.0 368.0 697.0 782.0 217.0 763.0 809.0 459.0 697.0 736.0 797.0 863.0 194.0 804.0 451.0 522.0 914.0 466.0 538.0 224.0 558.0 544.0 679.0 28.0 761.0 262.0 423.0 258.0 863.0 340.0 342.0 820.0 404.0 364.0 156.0 785.0 563.0 439.0 809.0 384.0 242.0 730.0 615.0 377.0 638.0 606.0 727.0 519.0 282.0 652.0 615.0 330.0 516.0 560.0 985.0 299.0 416.0 479.0 550.0 579.0 
912.0 469.0 287.0 418.0 376.0 184.0 0.0 61.0 971.0 549.0 104.0 422.0 245.0 678.0 254.0 490.0 698.0 426.0 481.0 751.0 326.0 221.0 487.0 756.0 808.0 632.0 679.0 440.0 466.0 552.0 651.0 947.0 611.0 691.0 440.0 376.0 418.0 123.0 410.0 686.0 794.0 136.0 250.0 608.0 951.0 510.0 716.0 256.0 455.0 560.0 118.0 928.0 252.0 998.0 611.0 681.0 763.0 610.0 537.0 326.0 354.0 772.0 335.0 349.0 328.0 261.0 191.0 584.0 788.0 190.0 775.0 715.0 370.0 758.0 621.0 769.0 812.0 111.0 626.0 455.0 338.0 793.0 534.0 617.0 100.0 572.0 534.0 615.0 183.0 773.0 214.0 243.0 131.0 814.0 196.0 368.0 690.0 291.0 197.0 64.0 649.0 669.0 552.0 639.0 210.0 69.0 797.0 615.0 232.0 694.0 489.0 561.0 370.0 142.0 742.0 441.0 147.0 484.0 438.0 896.0 384.0 466.0 394.0 577.0 439.0 
894.0 511.0 276.0 358.0 394.0 141.0 61.0 0.0 958.0 505.0 144.0 364.0 240.0 631.0 222.0 515.0 638.0 401.0 496.0 692.0 287.0 175.0 441.0 704.0 763.0 649.0 692.0 433.0 413.0 554.0 609.0 932.0 552.0 737.0 469.0 315.0 358.0 84.0 418.0 700.0 786.0 184.0 238.0 561.0 935.0 453.0 751.0 213.0 490.0 533.0 115.0 908.0 240.0 986.0 646.0 623.0 715.0 560.0 548.0 326.0 399.0 712.0 275.0 405.0 378.0 309.0 251.0 581.0 746.0 216.0 732.0 705.0 354.0 705.0 619.0 736.0 787.0 147.0 664.0 410.0 387.0 795.0 478.0 560.0 150.0 527.0 494.0 593.0 147.0 730.0 177.0 284.0 126.0 787.0 254.0 317.0 696.0 285.0 224.0 19.0 658.0 610.0 492.0 670.0 244.0 103.0 743.0 574.0 243.0 642.0 487.0 588.0 385.0 198.0 684.0 475.0 200.0 450.0 438.0 884.0 325.0 413.0 377.0 529.0 449.0 
97.0 807.0 685.0 927.0 660.0 1056.0 971.0 958.0 0.0 604.0 1072.0 848.0 1196.0 614.0 747.0 643.0 914.0 568.0 577.0 927.0 711.0 1072.0 665.0 724.0 557.0 508.0 444.0 534.0 759.0 453.0 547.0 42.0 889.0 882.0 691.0 984.0 920.0 878.0 592.0 460.0 188.0 1090.0 723.0 621.0 51.0 818.0 716.0 780.0 738.0 455.0 1073.0 124.0 721.0 31.0 719.0 852.0 619.0 656.0 513.0 652.0 846.0 938.0 978.0 959.0 902.0 881.0 990.0 404.0 503.0 1160.0 532.0 258.0 605.0 739.0 376.0 371.0 253.0 1080.0 751.0 657.0 890.0 276.0 787.0 807.0 1057.0 612.0 570.0 381.0 1077.0 532.0 795.0 843.0 841.0 260.0 1084.0 758.0 370.0 681.0 814.0 940.0 426.0 912.0 927.0 659.0 827.0 912.0 770.0 547.0 754.0 720.0 494.0 633.0 650.0 1064.0 860.0 732.0 933.0 560.0 547.0 79.0 870.0 757.0 582.0 647.0 579.0 
514.0 722.0 339.0 332.0 496.0 542.0 549.0 505.0 604.0 0.0 648.0 253.0 703.0 138.0 303.0 600.0 350.0 211.0 518.0 382.0 224.0 544.0 73.0 255.0 259.0 615.0 606.0 340.0 159.0 443.0 105.0 566.0 300.0 924.0 600.0 398.0 325.0 427.0 435.0 627.0 500.0 684.0 355.0 71.0 562.0 214.0 836.0 293.0 656.0 187.0 606.0 508.0 354.0 634.0 762.0 293.0 222.0 96.0 510.0 382.0 671.0 401.0 403.0 753.0 697.0 634.0 675.0 417.0 242.0 718.0 227.0 423.0 286.0 264.0 445.0 270.0 365.0 651.0 796.0 95.0 694.0 590.0 186.0 227.0 648.0 30.0 49.0 254.0 569.0 225.0 336.0 585.0 442.0 361.0 730.0 200.0 550.0 358.0 507.0 491.0 555.0 338.0 325.0 740.0 538.0 522.0 310.0 75.0 445.0 205.0 386.0 655.0 472.0 685.0 329.0 639.0 603.0 120.0 389.0 551.0 283.0 158.0 271.0 63.0 461.0 
1015.0 513.0 390.0 483.0 458.0 199.0 104.0 144.0 1072.0 648.0 0.0 500.0 180.0 775.0 357.0 561.0 770.0 530.0 564.0 823.0 427.0 233.0 584.0 846.0 906.0 712.0 763.0 539.0 555.0 645.0 751.0 1049.0 684.0 723.0 507.0 429.0 485.0 222.0 501.0 768.0 893.0 46.0 353.0 704.0 1052.0 591.0 770.0 355.0 512.0 664.0 89.0 1031.0 355.0 1099.0 665.0 759.0 859.0 704.0 623.0 423.0 396.0 843.0 389.0 360.0 356.0 302.0 193.0 681.0 888.0 90.0 874.0 815.0 473.0 847.0 716.0 873.0 916.0 11.0 676.0 553.0 369.0 886.0 618.0 698.0 31.0 670.0 635.0 719.0 183.0 872.0 316.0 300.0 234.0 918.0 142.0 460.0 781.0 392.0 277.0 157.0 736.0 741.0 619.0 701.0 281.0 161.0 884.0 716.0 324.0 784.0 586.0 629.0 456.0 86.0 820.0 500.0 186.0 587.0 534.0 996.0 460.0 555.0 497.0 672.0 528.0 
762.0 757.0 362.0 79.0 554.0 341.0 422.0 364.0 848.0 253.0 500.0 0.0 500.0 327.0 266.0 682.0 278.0 336.0 619.0 331.0 214.0 330.0 185.0 359.0 465.0 751.0 763.0 461.0 95.0 594.0 344.0 812.0 191.0 982.0 660.0 148.0 73.0 314.0 522.0 781.0 724.0 544.0 351.0 271.0 809.0 93.0 936.0 216.0 706.0 401.0 433.0 759.0 352.0 879.0 844.0 260.0 400.0 252.0 636.0 433.0 672.0 351.0 160.0 721.0 677.0 605.0 596.0 588.0 470.0 549.0 446.0 641.0 369.0 356.0 623.0 522.0 616.0 500.0 873.0 194.0 680.0 792.0 125.0 200.0 512.0 257.0 279.0 477.0 369.0 444.0 260.0 561.0 368.0 612.0 617.0 120.0 727.0 387.0 477.0 358.0 715.0 250.0 147.0 841.0 510.0 427.0 389.0 324.0 438.0 299.0 522.0 751.0 533.0 562.0 321.0 689.0 530.0 298.0 500.0 790.0 43.0 97.0 371.0 235.0 557.0 
1130.0 692.0 515.0 457.0 620.0 162.0 245.0 240.0 1196.0 703.0 180.0 500.0 0.0 813.0 452.0 732.0 740.0 633.0 725.0 792.0 504.0 171.0 632.0 858.0 951.0 877.0 923.0 673.0 577.0 792.0 807.0 1169.0 659.0 902.0 680.0 385.0 460.0 319.0 653.0 930.0 1025.0 205.0 477.0 747.0 1171.0 591.0 948.0 429.0 689.0 762.0 129.0 1141.0 480.0 1224.0 843.0 743.0 893.0 738.0 781.0 564.0 575.0 810.0 352.0 536.0 535.0 481.0 371.0 821.0 943.0 123.0 925.0 944.0 592.0 856.0 858.0 954.0 1015.0 170.0 855.0 611.0 548.0 1033.0 625.0 695.0 210.0 720.0 702.0 826.0 135.0 923.0 404.0 475.0 364.0 1015.0 301.0 503.0 933.0 524.0 440.0 259.0 892.0 711.0 586.0 876.0 450.0 314.0 887.0 776.0 475.0 798.0 726.0 801.0 614.0 256.0 804.0 676.0 364.0 670.0 677.0 1123.0 458.0 578.0 614.0 712.0 683.0 
518.0 854.0 477.0 397.0 628.0 652.0 678.0 631.0 614.0 138.0 775.0 327.0 813.0 0.0 438.0 725.0 301.0 342.0 640.0 316.0 359.0 648.0 192.0 135.0 139.0 722.0 704.0 464.0 238.0 551.0 80.0 573.0 286.0 1050.0 729.0 472.0 391.0 556.0 563.0 726.0 550.0 812.0 493.0 72.0 566.0 254.0 952.0 423.0 786.0 280.0 726.0 502.0 492.0 643.0 884.0 239.0 86.0 77.0 623.0 517.0 807.0 329.0 487.0 890.0 834.0 772.0 812.0 515.0 147.0 840.0 121.0 485.0 421.0 147.0 538.0 245.0 362.0 777.0 919.0 227.0 832.0 659.0 216.0 202.0 777.0 110.0 175.0 327.0 679.0 119.0 468.0 722.0 577.0 355.0 864.0 316.0 639.0 495.0 645.0 619.0 653.0 301.0 340.0 857.0 676.0 656.0 191.0 107.0 583.0 108.0 502.0 775.0 604.0 816.0 251.0 770.0 740.0 250.0 513.0 576.0 366.0 238.0 404.0 103.0 586.0 
678.0 492.0 104.0 310.0 293.0 310.0 254.0 222.0 747.0 303.0 357.0 266.0 452.0 438.0 0.0 424.0 529.0 182.0 371.0 579.0 80.0 329.0 250.0 533.0 561.0 516.0 542.0 246.0 262.0 381.0 402.0 718.0 446.0 717.0 397.0 319.0 306.0 139.0 275.0 556.0 583.0 389.0 86.0 367.0 720.0 329.0 678.0 56.0 441.0 312.0 335.0 689.0 87.0 775.0 583.0 495.0 523.0 376.0 402.0 177.0 410.0 600.0 291.0 471.0 422.0 352.0 375.0 395.0 537.0 437.0 526.0 499.0 152.0 538.0 433.0 516.0 566.0 362.0 610.0 212.0 423.0 612.0 339.0 423.0 353.0 329.0 282.0 374.0 331.0 524.0 49.0 305.0 140.0 566.0 429.0 160.0 525.0 127.0 221.0 205.0 499.0 504.0 413.0 585.0 255.0 220.0 581.0 365.0 173.0 473.0 308.0 495.0 273.0 385.0 552.0 423.0 303.0 230.0 270.0 675.0 248.0 261.0 170.0 340.0 311.0 
628.0 166.0 322.0 732.0 132.0 654.0 490.0 515.0 643.0 600.0 561.0 682.0 732.0 725.0 424.0 0.0 919.0 391.0 89.0 962.0 469.0 686.0 593.0 853.0 796.0 163.0 227.0 261.0 650.0 215.0 654.0 637.0 844.0 326.0 58.0 739.0 728.0 470.0 167.0 223.0 459.0 557.0 341.0 669.0 646.0 727.0 255.0 479.0 95.0 457.0 606.0 660.0 339.0 662.0 165.0 872.0 797.0 695.0 137.0 250.0 215.0 982.0 708.0 326.0 275.0 281.0 408.0 270.0 748.0 647.0 755.0 414.0 326.0 863.0 282.0 646.0 611.0 571.0 197.0 552.0 260.0 388.0 724.0 799.0 535.0 629.0 554.0 447.0 661.0 753.0 450.0 264.0 398.0 618.0 510.0 565.0 279.0 298.0 294.0 499.0 223.0 898.0 825.0 162.0 282.0 422.0 909.0 620.0 280.0 804.0 230.0 74.0 151.0 515.0 920.0 90.0 378.0 480.0 212.0 567.0 669.0 649.0 334.0 660.0 139.0 
818.0 1015.0 612.0 288.0 799.0 592.0 698.0 638.0 914.0 350.0 770.0 278.0 740.0 301.0 529.0 919.0 0.0 535.0 844.0 54.0 461.0 572.0 331.0 216.0 392.0 957.0 953.0 670.0 271.0 787.0 370.0 873.0 87.0 1233.0 906.0 356.0 286.0 591.0 752.0 974.0 839.0 814.0 610.0 304.0 867.0 200.0 1166.0 485.0 957.0 536.0 696.0 802.0 610.0 943.0 1083.0 63.0 316.0 267.0 847.0 676.0 939.0 74.0 391.0 995.0 948.0 877.0 873.0 765.0 430.0 808.0 399.0 768.0 594.0 203.0 794.0 545.0 662.0 768.0 1114.0 369.0 950.0 938.0 195.0 124.0 784.0 328.0 398.0 600.0 619.0 399.0 532.0 832.0 643.0 655.0 892.0 370.0 899.0 636.0 747.0 634.0 902.0 30.0 155.0 1070.0 781.0 704.0 202.0 380.0 701.0 197.0 723.0 982.0 775.0 836.0 83.0 940.0 807.0 458.0 717.0 874.0 314.0 273.0 587.0 289.0 784.0 
497.0 513.0 155.0 406.0 286.0 489.0 426.0 401.0 568.0 211.0 530.0 336.0 633.0 342.0 182.0 391.0 535.0 0.0 312.0 575.0 148.0 504.0 205.0 465.0 438.0 425.0 430.0 136.0 277.0 260.0 281.0 538.0 467.0 714.0 389.0 444.0 400.0 318.0 225.0 449.0 412.0 557.0 185.0 281.0 539.0 354.0 633.0 213.0 446.0 135.0 515.0 508.0 183.0 597.0 554.0 485.0 421.0 305.0 313.0 178.0 468.0 595.0 428.0 559.0 500.0 444.0 508.0 252.0 401.0 613.0 398.0 327.0 81.0 475.0 289.0 350.0 387.0 536.0 588.0 167.0 496.0 461.0 344.0 413.0 522.0 240.0 168.0 193.0 511.0 396.0 230.0 394.0 299.0 388.0 580.0 221.0 391.0 167.0 326.0 383.0 381.0 517.0 463.0 537.0 354.0 379.0 520.0 243.0 259.0 414.0 191.0 450.0 262.0 544.0 530.0 429.0 437.0 93.0 183.0 498.0 341.0 275.0 62.0 270.0 253.0 
553.0 248.0 267.0 674.0 107.0 630.0 481.0 496.0 577.0 518.0 564.0 619.0 725.0 640.0 371.0 89.0 844.0 312.0 0.0 886.0 405.0 659.0 515.0 769.0 708.0 154.0 200.0 178.0 579.0 132.0 568.0 567.0 772.0 412.0 119.0 689.0 670.0 439.0 97.0 205.0 389.0 567.0 293.0 585.0 575.0 656.0 323.0 426.0 174.0 369.0 598.0 584.0 291.0 597.0 245.0 795.0 710.0 613.0 66.0 194.0 270.0 906.0 661.0 383.0 326.0 313.0 434.0 187.0 660.0 653.0 667.0 336.0 253.0 780.0 205.0 559.0 527.0 573.0 279.0 476.0 314.0 338.0 651.0 723.0 541.0 546.0 471.0 359.0 641.0 665.0 403.0 284.0 373.0 533.0 534.0 499.0 228.0 245.0 287.0 479.0 177.0 825.0 759.0 227.0 286.0 412.0 825.0 534.0 254.0 722.0 142.0 139.0 112.0 530.0 841.0 163.0 391.0 398.0 129.0 499.0 610.0 577.0 257.0 579.0 62.0 
831.0 1062.0 660.0 342.0 844.0 645.0 751.0 692.0 927.0 382.0 823.0 331.0 792.0 316.0 579.0 962.0 54.0 575.0 886.0 0.0 509.0 625.0 371.0 211.0 390.0 994.0 988.0 711.0 319.0 824.0 390.0 886.0 141.0 1279.0 952.0 408.0 340.0 644.0 795.0 1009.0 862.0 868.0 659.0 330.0 879.0 251.0 1208.0 536.0 1003.0 567.0 749.0 812.0 659.0 956.0 1126.0 91.0 316.0 294.0 886.0 722.0 988.0 22.0 443.0 1046.0 999.0 928.0 926.0 799.0 433.0 861.0 402.0 793.0 637.0 197.0 827.0 557.0 675.0 822.0 1158.0 411.0 1001.0 965.0 242.0 164.0 837.0 359.0 431.0 628.0 671.0 402.0 583.0 882.0 695.0 668.0 946.0 419.0 932.0 683.0 798.0 687.0 937.0 83.0 207.0 1112.0 831.0 757.0 184.0 404.0 751.0 208.0 762.0 1024.0 821.0 889.0 68.0 986.0 859.0 496.0 758.0 891.0 367.0 320.0 630.0 320.0 826.0 
636.0 554.0 153.0 273.0 343.0 351.0 326.0 287.0 711.0 224.0 427.0 214.0 504.0 359.0 80.0 469.0 461.0 148.0 405.0 509.0 0.0 363.0 171.0 454.0 483.0 540.0 557.0 253.0 190.0 389.0 325.0 680.0 381.0 775.0 450.0 301.0 268.0 206.0 309.0 573.0 559.0 462.0 151.0 288.0 680.0 263.0 723.0 76.0 499.0 262.0 395.0 643.0 151.0 741.0 632.0 423.0 444.0 296.0 425.0 220.0 481.0 530.0 282.0 548.0 496.0 428.0 455.0 392.0 462.0 502.0 450.0 474.0 157.0 459.0 429.0 452.0 513.0 432.0 662.0 133.0 497.0 605.0 268.0 350.0 426.0 250.0 208.0 331.0 375.0 448.0 113.0 380.0 219.0 512.0 506.0 96.0 529.0 177.0 297.0 272.0 510.0 438.0 357.0 628.0 331.0 298.0 502.0 289.0 244.0 394.0 316.0 537.0 321.0 461.0 478.0 481.0 383.0 167.0 288.0 643.0 207.0 189.0 165.0 260.0 343.0 
998.0 685.0 414.0 287.0 560.0 37.0 221.0 175.0 1072.0 544.0 233.0 330.0 171.0 648.0 329.0 686.0 572.0 504.0 659.0 625.0 363.0 0.0 471.0 688.0 786.0 812.0 850.0 570.0 410.0 701.0 647.0 1041.0 491.0 910.0 641.0 217.0 290.0 221.0 574.0 860.0 911.0 277.0 379.0 583.0 1042.0 421.0 925.0 292.0 664.0 624.0 145.0 1006.0 381.0 1101.0 821.0 574.0 725.0 572.0 706.0 476.0 573.0 643.0 183.0 568.0 548.0 481.0 405.0 720.0 781.0 243.0 762.0 827.0 479.0 686.0 759.0 803.0 873.0 228.0 839.0 455.0 558.0 937.0 455.0 525.0 259.0 558.0 549.0 693.0 52.0 760.0 282.0 458.0 289.0 873.0 374.0 344.0 845.0 429.0 397.0 189.0 812.0 543.0 418.0 842.0 418.0 277.0 717.0 618.0 408.0 629.0 629.0 759.0 549.0 317.0 634.0 649.0 367.0 526.0 585.0 1002.0 288.0 411.0 498.0 547.0 607.0 
577.0 702.0 305.0 264.0 479.0 471.0 487.0 441.0 665.0 73.0 584.0 185.0 632.0 192.0 250.0 593.0 331.0 205.0 515.0 371.0 171.0 471.0 0.0 285.0 323.0 627.0 626.0 340.0 95.0 458.0 176.0 628.0 267.0 913.0 585.0 327.0 257.0 365.0 426.0 646.0 549.0 621.0 314.0 121.0 625.0 163.0 837.0 232.0 639.0 227.0 538.0 574.0 314.0 696.0 756.0 281.0 276.0 126.0 516.0 359.0 640.0 391.0 330.0 714.0 661.0 595.0 625.0 440.0 312.0 651.0 294.0 469.0 269.0 291.0 472.0 341.0 432.0 587.0 789.0 43.0 660.0 629.0 144.0 208.0 586.0 88.0 95.0 300.0 498.0 292.0 277.0 546.0 388.0 428.0 674.0 129.0 578.0 327.0 465.0 428.0 576.0 314.0 276.0 741.0 498.0 466.0 335.0 147.0 407.0 227.0 393.0 653.0 455.0 626.0 328.0 622.0 553.0 132.0 387.0 609.0 212.0 93.0 260.0 91.0 456.0 
627.0 977.0 588.0 411.0 750.0 699.0 756.0 704.0 724.0 255.0 846.0 359.0 858.0 135.0 533.0 853.0 216.0 465.0 769.0 211.0 454.0 688.0 285.0 0.0 179.0 855.0 838.0 592.0 292.0 684.0 214.0 682.0 240.0 1178.0 854.0 488.0 406.0 636.0 689.0 860.0 677.0 887.0 599.0 185.0 674.0 268.0 1084.0 508.0 910.0 414.0 787.0 606.0 598.0 752.0 1014.0 162.0 107.0 163.0 756.0 636.0 922.0 219.0 512.0 999.0 945.0 879.0 906.0 650.0 224.0 902.0 194.0 616.0 541.0 16.0 672.0 355.0 474.0 847.0 1048.0 326.0 943.0 790.0 234.0 171.0 853.0 226.0 300.0 461.0 727.0 194.0 555.0 830.0 668.0 466.0 948.0 390.0 773.0 608.0 749.0 694.0 787.0 228.0 313.0 989.0 782.0 743.0 57.0 241.0 691.0 63.0 633.0 906.0 727.0 897.0 144.0 894.0 835.0 374.0 642.0 694.0 401.0 292.0 526.0 200.0 714.0 
461.0 939.0 585.0 533.0 714.0 789.0 808.0 763.0 557.0 259.0 906.0 465.0 951.0 139.0 561.0 796.0 392.0 438.0 708.0 390.0 483.0 786.0 323.0 179.0 0.0 766.0 737.0 541.0 377.0 602.0 161.0 516.0 400.0 1119.0 809.0 609.0 527.0 686.0 643.0 760.0 536.0 943.0 606.0 205.0 507.0 388.0 1004.0 552.0 867.0 340.0 861.0 436.0 605.0 584.0 947.0 334.0 77.0 215.0 681.0 615.0 905.0 397.0 625.0 995.0 937.0 879.0 931.0 558.0 58.0 974.0 42.0 489.0 518.0 193.0 572.0 200.0 314.0 909.0 983.0 354.0 933.0 660.0 350.0 319.0 907.0 237.0 282.0 361.0 817.0 44.0 595.0 830.0 700.0 305.0 989.0 451.0 663.0 601.0 756.0 750.0 688.0 400.0 464.0 913.0 787.0 780.0 217.0 199.0 692.0 201.0 567.0 838.0 691.0 944.0 322.0 852.0 859.0 349.0 589.0 536.0 504.0 376.0 498.0 240.0 662.0 
510.0 309.0 413.0 813.0 258.0 783.0 632.0 649.0 508.0 615.0 712.0 751.0 877.0 722.0 516.0 163.0 957.0 425.0 154.0 994.0 540.0 812.0 627.0 855.0 766.0 0.0 68.0 292.0 701.0 172.0 645.0 509.0 891.0 385.0 220.0 833.0 807.0 592.0 243.0 61.0 335.0 712.0 443.0 677.0 520.0 779.0 242.0 570.0 250.0 442.0 749.0 546.0 441.0 522.0 214.0 904.0 782.0 709.0 116.0 343.0 377.0 1013.0 807.0 486.0 437.0 442.0 569.0 209.0 712.0 800.0 725.0 315.0 384.0 867.0 197.0 591.0 529.0 722.0 248.0 591.0 422.0 238.0 768.0 834.0 687.0 642.0 566.0 406.0 794.0 724.0 552.0 422.0 526.0 537.0 670.0 632.0 141.0 393.0 437.0 632.0 89.0 940.0 886.0 160.0 432.0 564.0 912.0 615.0 407.0 815.0 234.0 128.0 265.0 672.0 944.0 250.0 534.0 499.0 253.0 437.0 747.0 699.0 381.0 678.0 207.0 
450.0 376.0 442.0 828.0 306.0 822.0 679.0 692.0 444.0 606.0 763.0 763.0 923.0 704.0 542.0 227.0 953.0 430.0 200.0 988.0 557.0 850.0 626.0 838.0 737.0 68.0 0.0 304.0 706.0 170.0 626.0 447.0 892.0 443.0 283.0 854.0 823.0 629.0 276.0 23.0 275.0 765.0 474.0 665.0 458.0 783.0 288.0 595.0 316.0 426.0 795.0 488.0 472.0 457.0 275.0 898.0 759.0 698.0 145.0 374.0 441.0 1006.0 831.0 551.0 501.0 502.0 627.0 190.0 681.0 852.0 697.0 267.0 400.0 851.0 167.0 554.0 482.0 772.0 309.0 593.0 486.0 172.0 769.0 830.0 739.0 631.0 558.0 381.0 835.0 695.0 581.0 479.0 566.0 490.0 729.0 645.0 83.0 423.0 486.0 673.0 52.0 938.0 893.0 218.0 484.0 611.0 895.0 599.0 450.0 801.0 242.0 195.0 310.0 727.0 935.0 315.0 589.0 496.0 273.0 374.0 763.0 704.0 393.0 669.0 243.0 
482.0 398.0 159.0 524.0 176.0 547.0 440.0 433.0 534.0 340.0 539.0 461.0 673.0 464.0 246.0 261.0 670.0 136.0 178.0 711.0 253.0 570.0 340.0 592.0 541.0 292.0 304.0 0.0 410.0 138.0 395.0 512.0 602.0 587.0 268.0 552.0 519.0 357.0 102.0 321.0 355.0 556.0 196.0 408.0 517.0 488.0 498.0 296.0 327.0 203.0 546.0 503.0 194.0 560.0 422.0 620.0 537.0 436.0 179.0 119.0 376.0 730.0 530.0 479.0 419.0 376.0 468.0 151.0 496.0 628.0 500.0 276.0 98.0 603.0 189.0 413.0 411.0 547.0 456.0 302.0 411.0 368.0 479.0 548.0 524.0 369.0 294.0 217.0 565.0 498.0 290.0 330.0 311.0 415.0 555.0 342.0 280.0 150.0 285.0 414.0 258.0 652.0 594.0 402.0 303.0 379.0 648.0 359.0 222.0 544.0 63.0 316.0 155.0 532.0 664.0 311.0 405.0 221.0 50.0 457.0 459.0 408.0 90.0 401.0 123.0 
671.0 744.0 342.0 173.0 528.0 416.0 466.0 413.0 759.0 159.0 555.0 95.0 577.0 238.0 262.0 650.0 271.0 277.0 579.0 319.0 190.0 410.0 95.0 292.0 377.0 701.0 706.0 410.0 0.0 536.0 250.0 722.0 195.0 963.0 636.0 242.0 166.0 348.0 485.0 725.0 642.0 596.0 340.0 178.0 719.0 78.0 901.0 225.0 686.0 319.0 497.0 666.0 341.0 789.0 814.0 234.0 316.0 162.0 588.0 406.0 670.0 340.0 251.0 733.0 683.0 613.0 624.0 523.0 377.0 613.0 355.0 561.0 326.0 293.0 557.0 427.0 523.0 556.0 845.0 116.0 684.0 718.0 78.0 161.0 562.0 162.0 189.0 394.0 444.0 353.0 273.0 567.0 387.0 519.0 659.0 105.0 662.0 366.0 482.0 403.0 656.0 249.0 188.0 805.0 516.0 458.0 332.0 229.0 433.0 230.0 468.0 715.0 505.0 607.0 290.0 669.0 555.0 220.0 454.0 703.0 130.0 2.0 323.0 141.0 518.0 
423.0 379.0 287.0 660.0 209.0 676.0 552.0 554.0 453.0 443.0 645.0 594.0 792.0 551.0 381.0 215.0 787.0 260.0 132.0 824.0 389.0 701.0 458.0 684.0 602.0 172.0 170.0 138.0 536.0 0.0 474.0 440.0 724.0 523.0 250.0 689.0 654.0 483.0 146.0 189.0 265.0 656.0 323.0 505.0 447.0 614.0 404.0 432.0 305.0 271.0 664.0 452.0 321.0 475.0 349.0 733.0 614.0 537.0 82.0 229.0 398.0 842.0 667.0 510.0 452.0 429.0 541.0 56.0 550.0 735.0 560.0 205.0 235.0 696.0 77.0 438.0 397.0 654.0 385.0 424.0 440.0 242.0 601.0 664.0 626.0 470.0 395.0 243.0 692.0 559.0 424.0 392.0 428.0 404.0 638.0 476.0 145.0 273.0 373.0 535.0 122.0 771.0 723.0 312.0 381.0 486.0 741.0 444.0 321.0 643.0 75.0 240.0 200.0 624.0 772.0 295.0 489.0 329.0 116.0 375.0 594.0 534.0 225.0 506.0 127.0 
452.0 789.0 425.0 420.0 563.0 646.0 651.0 609.0 547.0 105.0 751.0 344.0 807.0 80.0 402.0 654.0 370.0 281.0 568.0 390.0 325.0 647.0 176.0 214.0 161.0 645.0 626.0 395.0 250.0 474.0 0.0 507.0 343.0 980.0 662.0 491.0 413.0 530.0 495.0 648.0 473.0 786.0 446.0 78.0 501.0 286.0 877.0 396.0 720.0 204.0 710.0 440.0 445.0 577.0 811.0 309.0 143.0 111.0 549.0 458.0 749.0 405.0 499.0 837.0 780.0 720.0 771.0 438.0 138.0 822.0 125.0 407.0 361.0 227.0 459.0 187.0 297.0 755.0 847.0 199.0 776.0 580.0 251.0 260.0 751.0 90.0 122.0 248.0 673.0 123.0 438.0 671.0 540.0 291.0 830.0 304.0 560.0 442.0 597.0 595.0 575.0 367.0 387.0 783.0 627.0 621.0 270.0 39.0 532.0 185.0 429.0 703.0 540.0 786.0 327.0 704.0 699.0 190.0 444.0 505.0 378.0 248.0 342.0 112.0 517.0 
56.0 802.0 661.0 891.0 646.0 1026.0 947.0 932.0 42.0 566.0 1049.0 812.0 1169.0 573.0 718.0 637.0 873.0 538.0 567.0 886.0 680.0 1041.0 628.0 682.0 516.0 509.0 447.0 512.0 722.0 440.0 507.0 0.0 849.0 888.0 683.0 949.0 884.0 851.0 576.0 465.0 179.0 1068.0 698.0 582.0 14.0 779.0 725.0 750.0 732.0 421.0 1047.0 84.0 696.0 71.0 721.0 811.0 577.0 616.0 504.0 630.0 836.0 897.0 944.0 949.0 891.0 866.0 973.0 389.0 462.0 1136.0 491.0 239.0 579.0 697.0 364.0 330.0 212.0 1056.0 755.0 621.0 879.0 283.0 748.0 767.0 1034.0 573.0 533.0 349.0 1048.0 491.0 766.0 827.0 817.0 219.0 1065.0 724.0 369.0 657.0 794.0 914.0 424.0 872.0 888.0 664.0 809.0 889.0 728.0 508.0 733.0 678.0 476.0 632.0 635.0 1044.0 819.0 725.0 914.0 526.0 528.0 74.0 834.0 720.0 556.0 608.0 565.0 
795.0 935.0 533.0 205.0 722.0 509.0 611.0 552.0 889.0 300.0 684.0 191.0 659.0 286.0 446.0 844.0 87.0 467.0 772.0 141.0 381.0 491.0 267.0 240.0 400.0 891.0 892.0 602.0 195.0 724.0 343.0 849.0 0.0 1155.0 829.0 276.0 202.0 504.0 679.0 912.0 799.0 728.0 528.0 269.0 844.0 119.0 1095.0 401.0 879.0 485.0 611.0 783.0 529.0 919.0 1008.0 88.0 324.0 233.0 779.0 599.0 856.0 161.0 309.0 910.0 864.0 792.0 787.0 706.0 428.0 724.0 399.0 723.0 520.0 231.0 737.0 527.0 640.0 683.0 1039.0 301.0 866.0 889.0 124.0 85.0 698.0 284.0 345.0 553.0 536.0 398.0 447.0 748.0 557.0 634.0 806.0 288.0 843.0 557.0 663.0 547.0 842.0 60.0 78.0 998.0 696.0 618.0 247.0 344.0 619.0 200.0 657.0 909.0 699.0 749.0 145.0 861.0 721.0 398.0 647.0 844.0 227.0 196.0 516.0 246.0 711.0 
892.0 230.0 623.0 1022.0 435.0 874.0 691.0 737.0 882.0 924.0 723.0 982.0 902.0 1050.0 717.0 326.0 1233.0 714.0 412.0 1279.0 775.0 910.0 913.0 1178.0 1119.0 385.0 443.0 587.0 963.0 523.0 980.0 888.0 1155.0 0.0 328.0 1014.0 1019.0 720.0 490.0 424.0 717.0 699.0 632.0 993.0 899.0 1037.0 174.0 769.0 277.0 781.0 795.0 930.0 631.0 892.0 176.0 1190.0 1122.0 1019.0 442.0 558.0 338.0 1299.0 979.0 370.0 368.0 431.0 532.0 574.0 1069.0 790.0 1078.0 698.0 644.0 1188.0 573.0 960.0 910.0 733.0 139.0 871.0 356.0 607.0 1039.0 1116.0 692.0 953.0 879.0 765.0 873.0 1076.0 731.0 454.0 647.0 917.0 615.0 870.0 523.0 599.0 527.0 725.0 473.0 1211.0 1128.0 226.0 499.0 634.0 1234.0 945.0 549.0 1128.0 553.0 284.0 459.0 649.0 1240.0 295.0 547.0 805.0 537.0 815.0 963.0 961.0 655.0 984.0 464.0 
670.0 133.0 299.0 706.0 108.0 608.0 440.0 469.0 691.0 600.0 507.0 660.0 680.0 729.0 397.0 58.0 906.0 389.0 119.0 952.0 450.0 641.0 585.0 854.0 809.0 220.0 283.0 268.0 636.0 250.0 662.0 683.0 829.0 328.0 0.0 707.0 702.0 429.0 167.0 280.0 505.0 502.0 312.0 669.0 691.0 711.0 287.0 451.0 59.0 470.0 556.0 701.0 311.0 710.0 187.0 863.0 804.0 694.0 179.0 231.0 160.0 972.0 675.0 272.0 219.0 224.0 351.0 305.0 763.0 592.0 768.0 454.0 317.0 863.0 322.0 670.0 644.0 517.0 214.0 544.0 205.0 441.0 712.0 789.0 480.0 629.0 556.0 469.0 614.0 766.0 418.0 209.0 356.0 650.0 453.0 545.0 331.0 274.0 246.0 453.0 276.0 885.0 805.0 202.0 231.0 372.0 909.0 626.0 241.0 803.0 250.0 122.0 131.0 459.0 913.0 46.0 323.0 481.0 220.0 614.0 644.0 634.0 329.0 658.0 149.0 
900.0 785.0 422.0 78.0 608.0 240.0 376.0 315.0 984.0 398.0 429.0 148.0 385.0 472.0 319.0 739.0 356.0 444.0 689.0 408.0 301.0 217.0 327.0 488.0 609.0 833.0 854.0 552.0 242.0 689.0 491.0 949.0 276.0 1014.0 707.0 0.0 84.0 299.0 593.0 870.0 848.0 474.0 399.0 418.0 947.0 224.0 993.0 263.0 745.0 531.0 348.0 899.0 401.0 1014.0 894.0 361.0 541.0 397.0 718.0 495.0 685.0 427.0 41.0 712.0 677.0 605.0 565.0 692.0 616.0 457.0 592.0 764.0 455.0 484.0 729.0 668.0 758.0 426.0 919.0 329.0 684.0 904.0 262.0 319.0 448.0 403.0 420.0 606.0 265.0 590.0 290.0 569.0 369.0 755.0 562.0 228.0 829.0 445.0 489.0 318.0 809.0 327.0 202.0 901.0 519.0 404.0 510.0 470.0 469.0 432.0 615.0 812.0 589.0 504.0 420.0 728.0 509.0 426.0 583.0 922.0 116.0 244.0 465.0 382.0 629.0 
834.0 791.0 407.0 7.0 598.0 308.0 418.0 358.0 920.0 325.0 485.0 73.0 460.0 391.0 306.0 728.0 286.0 400.0 670.0 340.0 268.0 290.0 257.0 406.0 527.0 807.0 823.0 519.0 166.0 654.0 413.0 884.0 202.0 1019.0 702.0 84.0 0.0 323.0 573.0 840.0 793.0 529.0 390.0 338.0 881.0 141.0 983.0 251.0 745.0 472.0 410.0 831.0 392.0 951.0 888.0 284.0 458.0 316.0 692.0 479.0 699.0 360.0 109.0 738.0 698.0 625.0 602.0 651.0 535.0 522.0 510.0 710.0 424.0 402.0 688.0 593.0 688.0 483.0 915.0 265.0 703.0 858.0 179.0 237.0 500.0 327.0 351.0 547.0 335.0 509.0 289.0 585.0 386.0 684.0 611.0 180.0 790.0 431.0 502.0 356.0 776.0 257.0 135.0 889.0 534.0 435.0 429.0 395.0 471.0 349.0 581.0 799.0 578.0 554.0 345.0 727.0 540.0 368.0 555.0 862.0 61.0 168.0 430.0 303.0 608.0 
812.0 491.0 199.0 324.0 342.0 193.0 123.0 84.0 878.0 427.0 222.0 314.0 319.0 556.0 139.0 470.0 591.0 318.0 439.0 644.0 206.0 221.0 365.0 636.0 686.0 592.0 629.0 357.0 348.0 483.0 530.0 851.0 504.0 720.0 429.0 299.0 323.0 0.0 354.0 640.0 708.0 257.0 162.0 486.0 853.0 398.0 715.0 134.0 459.0 450.0 197.0 825.0 164.0 906.0 613.0 569.0 641.0 488.0 485.0 257.0 388.0 665.0 261.0 416.0 379.0 306.0 283.0 507.0 666.0 299.0 653.0 625.0 274.0 639.0 545.0 653.0 703.0 226.0 634.0 333.0 385.0 723.0 419.0 502.0 222.0 450.0 414.0 510.0 209.0 651.0 94.0 270.0 74.0 704.0 312.0 247.0 627.0 211.0 194.0 67.0 592.0 563.0 452.0 629.0 222.0 114.0 679.0 494.0 190.0 575.0 414.0 543.0 329.0 262.0 630.0 442.0 218.0 367.0 368.0 804.0 279.0 348.0 296.0 455.0 387.0 
553.0 296.0 172.0 578.0 78.0 546.0 410.0 418.0 592.0 435.0 501.0 522.0 653.0 563.0 275.0 167.0 752.0 225.0 97.0 795.0 309.0 574.0 426.0 689.0 643.0 243.0 276.0 102.0 485.0 146.0 495.0 576.0 679.0 490.0 167.0 593.0 573.0 354.0 0.0 287.0 406.0 511.0 201.0 504.0 582.0 562.0 416.0 330.0 225.0 305.0 524.0 579.0 199.0 616.0 331.0 705.0 637.0 530.0 132.0 101.0 279.0 815.0 566.0 387.0 326.0 292.0 399.0 189.0 598.0 591.0 602.0 337.0 159.0 698.0 220.0 512.0 500.0 510.0 364.0 385.0 317.0 385.0 558.0 632.0 481.0 464.0 390.0 313.0 560.0 600.0 310.0 252.0 292.0 505.0 494.0 403.0 281.0 151.0 228.0 399.0 241.0 732.0 663.0 321.0 237.0 343.0 744.0 459.0 179.0 638.0 103.0 231.0 60.0 479.0 753.0 210.0 344.0 315.0 58.0 514.0 513.0 483.0 167.0 494.0 36.0 
470.0 367.0 455.0 845.0 311.0 832.0 686.0 700.0 460.0 627.0 768.0 781.0 930.0 726.0 556.0 223.0 974.0 449.0 205.0 1009.0 573.0 860.0 646.0 860.0 760.0 61.0 23.0 321.0 725.0 189.0 648.0 465.0 912.0 424.0 280.0 870.0 840.0 640.0 287.0 0.0 295.0 769.0 486.0 686.0 476.0 802.0 267.0 609.0 309.0 448.0 802.0 508.0 484.0 473.0 259.0 919.0 782.0 720.0 155.0 386.0 438.0 1027.0 845.0 546.0 497.0 502.0 628.0 212.0 704.0 856.0 720.0 289.0 416.0 873.0 189.0 576.0 504.0 777.0 291.0 612.0 482.0 186.0 789.0 850.0 744.0 653.0 579.0 403.0 844.0 718.0 594.0 480.0 576.0 513.0 729.0 662.0 105.0 436.0 492.0 682.0 73.0 958.0 911.0 200.0 488.0 617.0 917.0 621.0 458.0 823.0 260.0 185.0 317.0 730.0 956.0 310.0 592.0 516.0 287.0 391.0 779.0 723.0 410.0 690.0 253.0 
176.0 623.0 511.0 800.0 473.0 892.0 794.0 786.0 188.0 500.0 893.0 724.0 1025.0 550.0 583.0 459.0 839.0 412.0 389.0 862.0 559.0 911.0 549.0 677.0 536.0 335.0 275.0 355.0 642.0 265.0 473.0 179.0 799.0 717.0 505.0 848.0 793.0 708.0 406.0 295.0 0.0 909.0 549.0 536.0 188.0 710.0 560.0 623.0 553.0 323.0 900.0 213.0 547.0 211.0 548.0 778.0 580.0 572.0 326.0 471.0 659.0 877.0 837.0 772.0 714.0 693.0 804.0 218.0 478.0 982.0 502.0 85.0 435.0 691.0 188.0 337.0 235.0 901.0 582.0 530.0 702.0 133.0 685.0 722.0 877.0 515.0 458.0 249.0 912.0 501.0 631.0 656.0 666.0 244.0 898.0 621.0 195.0 504.0 630.0 767.0 248.0 832.0 823.0 492.0 642.0 733.0 730.0 460.0 572.0 657.0 310.0 455.0 463.0 881.0 799.0 546.0 748.0 426.0 362.0 111.0 738.0 640.0 414.0 554.0 391.0 
1035.0 495.0 412.0 528.0 462.0 244.0 136.0 184.0 1090.0 684.0 46.0 544.0 205.0 812.0 389.0 557.0 814.0 557.0 567.0 868.0 462.0 277.0 621.0 887.0 943.0 712.0 765.0 556.0 596.0 656.0 786.0 1068.0 728.0 699.0 502.0 474.0 529.0 257.0 511.0 769.0 909.0 0.0 376.0 742.0 1072.0 634.0 756.0 391.0 502.0 691.0 132.0 1053.0 378.0 1116.0 652.0 802.0 897.0 743.0 628.0 439.0 379.0 888.0 434.0 332.0 335.0 288.0 169.0 694.0 923.0 93.0 910.0 832.0 496.0 888.0 728.0 903.0 942.0 50.0 660.0 589.0 349.0 894.0 660.0 741.0 36.0 707.0 669.0 743.0 226.0 908.0 349.0 293.0 259.0 943.0 101.0 500.0 788.0 412.0 284.0 194.0 741.0 785.0 664.0 691.0 282.0 180.0 925.0 750.0 337.0 824.0 599.0 622.0 462.0 51.0 864.0 491.0 179.0 618.0 547.0 1013.0 503.0 596.0 520.0 710.0 535.0 
662.0 407.0 38.0 394.0 209.0 354.0 250.0 238.0 723.0 355.0 353.0 351.0 477.0 493.0 86.0 341.0 610.0 185.0 293.0 659.0 151.0 379.0 314.0 599.0 606.0 443.0 474.0 196.0 340.0 323.0 446.0 698.0 528.0 632.0 312.0 399.0 390.0 162.0 201.0 486.0 549.0 376.0 0.0 423.0 701.0 411.0 595.0 140.0 356.0 318.0 352.0 679.0 3.0 750.0 498.0 573.0 577.0 437.0 331.0 101.0 331.0 680.0 369.0 401.0 348.0 281.0 327.0 346.0 575.0 439.0 569.0 468.0 120.0 605.0 384.0 534.0 566.0 360.0 525.0 273.0 347.0 561.0 418.0 500.0 341.0 383.0 325.0 368.0 370.0 567.0 111.0 232.0 120.0 568.0 396.0 241.0 467.0 51.0 152.0 219.0 435.0 586.0 497.0 503.0 185.0 197.0 649.0 408.0 94.0 540.0 253.0 413.0 191.0 361.0 628.0 338.0 255.0 260.0 207.0 648.0 333.0 339.0 145.0 401.0 236.0 
528.0 793.0 409.0 345.0 566.0 585.0 608.0 561.0 621.0 71.0 704.0 271.0 747.0 72.0 367.0 669.0 304.0 281.0 585.0 330.0 288.0 583.0 121.0 185.0 205.0 677.0 665.0 408.0 178.0 505.0 78.0 582.0 269.0 993.0 669.0 418.0 338.0 486.0 504.0 686.0 536.0 742.0 423.0 0.0 576.0 209.0 902.0 352.0 726.0 240.0 657.0 517.0 423.0 651.0 830.0 243.0 157.0 37.0 574.0 453.0 741.0 346.0 429.0 822.0 767.0 703.0 741.0 475.0 200.0 771.0 179.0 465.0 357.0 195.0 501.0 264.0 373.0 707.0 864.0 156.0 765.0 636.0 173.0 188.0 707.0 42.0 115.0 298.0 613.0 177.0 397.0 654.0 506.0 367.0 793.0 247.0 605.0 428.0 575.0 548.0 614.0 297.0 309.0 807.0 607.0 585.0 241.0 77.0 514.0 138.0 451.0 723.0 542.0 745.0 272.0 709.0 669.0 189.0 457.0 576.0 307.0 177.0 342.0 37.0 530.0 
49.0 811.0 664.0 888.0 653.0 1028.0 951.0 935.0 51.0 562.0 1052.0 809.0 1171.0 566.0 720.0 646.0 867.0 539.0 575.0 879.0 680.0 1042.0 625.0 674.0 507.0 520.0 458.0 517.0 719.0 447.0 501.0 14.0 844.0 899.0 691.0 947.0 881.0 853.0 582.0 476.0 188.0 1072.0 701.0 576.0 0.0 775.0 737.0 751.0 741.0 421.0 1049.0 73.0 699.0 78.0 732.0 805.0 569.0 611.0 513.0 635.0 844.0 890.0 942.0 957.0 898.0 873.0 979.0 396.0 453.0 1140.0 483.0 245.0 582.0 689.0 371.0 323.0 205.0 1060.0 766.0 619.0 886.0 295.0 744.0 761.0 1038.0 569.0 531.0 349.0 1050.0 482.0 768.0 833.0 820.0 212.0 1070.0 723.0 380.0 661.0 800.0 916.0 434.0 866.0 883.0 674.0 815.0 893.0 720.0 503.0 738.0 672.0 482.0 642.0 641.0 1048.0 812.0 734.0 919.0 525.0 534.0 85.0 832.0 717.0 558.0 604.0 572.0 
727.0 817.0 415.0 146.0 604.0 433.0 510.0 453.0 818.0 214.0 591.0 93.0 591.0 254.0 329.0 727.0 200.0 354.0 656.0 251.0 263.0 421.0 163.0 268.0 388.0 779.0 783.0 488.0 78.0 614.0 286.0 779.0 119.0 1037.0 711.0 224.0 141.0 398.0 562.0 802.0 710.0 634.0 411.0 209.0 775.0 0.0 978.0 286.0 761.0 389.0 526.0 719.0 411.0 848.0 891.0 172.0 318.0 182.0 666.0 481.0 739.0 272.0 245.0 796.0 749.0 678.0 679.0 599.0 400.0 641.0 374.0 631.0 404.0 265.0 632.0 471.0 575.0 591.0 922.0 191.0 751.0 791.0 39.0 108.0 602.0 208.0 253.0 462.0 461.0 373.0 334.0 632.0 445.0 571.0 705.0 170.0 738.0 439.0 548.0 447.0 733.0 176.0 114.0 882.0 581.0 510.0 297.0 275.0 502.0 210.0 545.0 792.0 581.0 651.0 233.0 743.0 611.0 294.0 532.0 765.0 135.0 80.0 401.0 176.0 595.0 
734.0 262.0 576.0 987.0 386.0 891.0 716.0 751.0 716.0 836.0 770.0 936.0 948.0 952.0 678.0 255.0 1166.0 633.0 323.0 1208.0 723.0 925.0 837.0 1084.0 1004.0 242.0 288.0 498.0 901.0 404.0 877.0 725.0 1095.0 174.0 287.0 993.0 983.0 715.0 416.0 267.0 560.0 756.0 595.0 902.0 737.0 978.0 0.0 734.0 262.0 674.0 830.0 773.0 593.0 724.0 106.0 1118.0 1017.0 932.0 329.0 505.0 377.0 1228.0 961.0 451.0 426.0 469.0 590.0 448.0 951.0 848.0 963.0 553.0 575.0 1095.0 438.0 832.0 768.0 780.0 98.0 798.0 411.0 442.0 973.0 1045.0 741.0 864.0 789.0 645.0 895.0 962.0 703.0 474.0 642.0 776.0 686.0 818.0 370.0 552.0 528.0 736.0 327.0 1147.0 1078.0 97.0 508.0 651.0 1141.0 845.0 528.0 1039.0 452.0 186.0 406.0 707.0 1162.0 277.0 585.0 717.0 451.0 652.0 924.0 899.0 580.0 898.0 384.0 
708.0 542.0 160.0 255.0 348.0 278.0 256.0 213.0 780.0 293.0 355.0 216.0 429.0 423.0 56.0 479.0 485.0 213.0 426.0 536.0 76.0 292.0 232.0 508.0 552.0 570.0 595.0 296.0 225.0 432.0 396.0 750.0 401.0 769.0 451.0 263.0 251.0 134.0 330.0 609.0 623.0 391.0 140.0 352.0 751.0 286.0 734.0 0.0 494.0 335.0 319.0 716.0 141.0 810.0 637.0 455.0 508.0 356.0 456.0 232.0 457.0 557.0 237.0 510.0 463.0 392.0 400.0 442.0 533.0 428.0 520.0 538.0 199.0 511.0 481.0 528.0 587.0 359.0 664.0 199.0 466.0 659.0 300.0 385.0 356.0 316.0 282.0 402.0 301.0 518.0 49.0 347.0 163.0 587.0 443.0 121.0 575.0 183.0 263.0 199.0 551.0 460.0 363.0 641.0 296.0 236.0 552.0 361.0 222.0 446.0 358.0 551.0 328.0 394.0 514.0 477.0 330.0 243.0 323.0 711.0 194.0 224.0 214.0 322.0 366.0 
721.0 75.0 347.0 748.0 161.0 630.0 455.0 490.0 738.0 656.0 512.0 706.0 689.0 786.0 441.0 95.0 957.0 446.0 174.0 1003.0 499.0 664.0 639.0 910.0 867.0 250.0 316.0 327.0 686.0 305.0 720.0 732.0 879.0 277.0 59.0 745.0 745.0 459.0 225.0 309.0 553.0 502.0 356.0 726.0 741.0 761.0 262.0 494.0 0.0 528.0 569.0 754.0 355.0 756.0 157.0 915.0 862.0 750.0 230.0 282.0 133.0 1024.0 711.0 238.0 192.0 215.0 342.0 360.0 821.0 594.0 826.0 507.0 372.0 919.0 374.0 728.0 700.0 522.0 176.0 597.0 177.0 480.0 763.0 841.0 484.0 685.0 612.0 527.0 634.0 824.0 458.0 214.0 385.0 706.0 442.0 593.0 373.0 322.0 268.0 475.0 316.0 935.0 852.0 189.0 247.0 390.0 965.0 683.0 277.0 858.0 308.0 131.0 185.0 456.0 966.0 18.0 326.0 538.0 279.0 662.0 688.0 685.0 385.0 714.0 208.0 
376.0 600.0 286.0 479.0 379.0 612.0 560.0 533.0 455.0 187.0 664.0 401.0 762.0 280.0 312.0 457.0 536.0 135.0 369.0 567.0 262.0 624.0 227.0 414.0 340.0 442.0 426.0 203.0 319.0 271.0 204.0 421.0 485.0 781.0 470.0 531.0 472.0 450.0 305.0 448.0 323.0 691.0 318.0 240.0 421.0 389.0 674.0 335.0 528.0 0.0 646.0 382.0 316.0 485.0 610.0 478.0 344.0 274.0 346.0 293.0 575.0 584.0 524.0 674.0 614.0 563.0 637.0 237.0 294.0 746.0 299.0 243.0 205.0 426.0 262.0 220.0 254.0 670.0 646.0 208.0 608.0 405.0 366.0 413.0 656.0 208.0 140.0 76.0 636.0 297.0 359.0 515.0 433.0 255.0 713.0 304.0 366.0 294.0 453.0 516.0 375.0 524.0 502.0 580.0 479.0 513.0 470.0 174.0 386.0 375.0 228.0 501.0 356.0 678.0 510.0 513.0 568.0 106.0 250.0 392.0 418.0 317.0 180.0 247.0 322.0 
1009.0 578.0 389.0 408.0 492.0 113.0 118.0 115.0 1073.0 606.0 89.0 433.0 129.0 726.0 335.0 606.0 696.0 515.0 598.0 749.0 395.0 145.0 538.0 787.0 861.0 749.0 795.0 546.0 497.0 664.0 710.0 1047.0 611.0 795.0 556.0 348.0 410.0 197.0 524.0 802.0 900.0 132.0 352.0 657.0 1049.0 526.0 830.0 319.0 569.0 646.0 0.0 1022.0 354.0 1100.0 724.0 689.0 808.0 653.0 652.0 436.0 461.0 769.0 309.0 439.0 428.0 367.0 272.0 693.0 848.0 116.0 832.0 819.0 469.0 786.0 731.0 846.0 900.0 83.0 738.0 512.0 440.0 905.0 555.0 633.0 116.0 626.0 599.0 707.0 95.0 830.0 288.0 356.0 236.0 900.0 230.0 410.0 804.0 397.0 314.0 134.0 764.0 667.0 543.0 755.0 326.0 186.0 821.0 677.0 347.0 725.0 599.0 677.0 486.0 174.0 751.0 555.0 249.0 560.0 549.0 999.0 392.0 498.0 491.0 623.0 554.0 
41.0 826.0 642.0 837.0 653.0 993.0 928.0 908.0 124.0 508.0 1031.0 759.0 1141.0 502.0 689.0 660.0 802.0 508.0 584.0 812.0 643.0 1006.0 574.0 606.0 436.0 546.0 488.0 503.0 666.0 452.0 440.0 84.0 783.0 930.0 701.0 899.0 831.0 825.0 579.0 508.0 213.0 1053.0 679.0 517.0 73.0 719.0 773.0 716.0 754.0 382.0 1022.0 0.0 677.0 149.0 760.0 740.0 500.0 550.0 524.0 621.0 849.0 823.0 897.0 960.0 901.0 870.0 970.0 399.0 384.0 1117.0 413.0 248.0 559.0 621.0 380.0 257.0 145.0 1038.0 794.0 572.0 890.0 337.0 687.0 699.0 1019.0 512.0 480.0 316.0 1017.0 413.0 737.0 828.0 798.0 150.0 1058.0 678.0 407.0 642.0 788.0 890.0 459.0 802.0 825.0 705.0 805.0 873.0 650.0 445.0 724.0 606.0 477.0 664.0 638.0 1033.0 745.0 745.0 908.0 483.0 527.0 134.0 784.0 665.0 534.0 546.0 573.0 
660.0 407.0 36.0 395.0 208.0 356.0 252.0 240.0 721.0 354.0 355.0 352.0 480.0 492.0 87.0 339.0 610.0 183.0 291.0 659.0 151.0 381.0 314.0 598.0 605.0 441.0 472.0 194.0 341.0 321.0 445.0 696.0 529.0 631.0 311.0 401.0 392.0 164.0 199.0 484.0 547.0 378.0 3.0 423.0 699.0 411.0 593.0 141.0 355.0 316.0 354.0 677.0 0.0 748.0 497.0 573.0 576.0 437.0 329.0 99.0 330.0 680.0 371.0 401.0 348.0 282.0 328.0 344.0 574.0 441.0 568.0 466.0 119.0 604.0 382.0 533.0 564.0 362.0 524.0 272.0 347.0 559.0 418.0 500.0 343.0 382.0 324.0 366.0 372.0 566.0 113.0 233.0 122.0 566.0 398.0 242.0 465.0 49.0 153.0 221.0 432.0 586.0 498.0 501.0 185.0 198.0 649.0 407.0 94.0 540.0 251.0 411.0 189.0 363.0 629.0 337.0 257.0 259.0 205.0 646.0 334.0 340.0 143.0 400.0 234.0 
126.0 824.0 712.0 957.0 683.0 1085.0 998.0 986.0 31.0 634.0 1099.0 879.0 1224.0 643.0 775.0 662.0 943.0 597.0 597.0 956.0 741.0 1101.0 696.0 752.0 584.0 522.0 457.0 560.0 789.0 475.0 577.0 71.0 919.0 892.0 710.0 1014.0 951.0 906.0 616.0 473.0 211.0 1116.0 750.0 651.0 78.0 848.0 724.0 810.0 756.0 485.0 1100.0 149.0 748.0 0.0 731.0 881.0 647.0 686.0 532.0 677.0 866.0 967.0 1008.0 980.0 923.0 903.0 1014.0 428.0 531.0 1187.0 560.0 284.0 633.0 767.0 398.0 400.0 282.0 1106.0 763.0 687.0 910.0 287.0 817.0 836.0 1083.0 642.0 601.0 411.0 1106.0 560.0 824.0 866.0 868.0 289.0 1108.0 788.0 386.0 708.0 839.0 967.0 442.0 942.0 957.0 671.0 851.0 938.0 797.0 577.0 780.0 749.0 519.0 648.0 673.0 1090.0 889.0 751.0 958.0 590.0 571.0 103.0 900.0 787.0 610.0 678.0 602.0 
723.0 162.0 482.0 892.0 291.0 787.0 611.0 646.0 719.0 762.0 665.0 844.0 843.0 884.0 583.0 165.0 1083.0 554.0 245.0 1126.0 632.0 821.0 756.0 1014.0 947.0 214.0 275.0 422.0 814.0 349.0 811.0 721.0 1008.0 176.0 187.0 894.0 888.0 613.0 331.0 259.0 548.0 652.0 498.0 830.0 732.0 891.0 106.0 637.0 157.0 610.0 724.0 760.0 497.0 731.0 0.0 1036.0 953.0 857.0 268.0 412.0 274.0 1146.0 861.0 355.0 326.0 365.0 488.0 399.0 897.0 744.0 906.0 524.0 490.0 1024.0 398.0 786.0 735.0 676.0 37.0 716.0 310.0 445.0 889.0 963.0 636.0 790.0 715.0 591.0 791.0 904.0 605.0 370.0 539.0 742.0 584.0 728.0 354.0 458.0 424.0 632.0 301.0 1062.0 988.0 64.0 403.0 546.0 1070.0 778.0 427.0 966.0 383.0 110.0 312.0 604.0 1083.0 172.0 480.0 642.0 373.0 649.0 830.0 813.0 497.0 823.0 302.0 
756.0 974.0 573.0 287.0 755.0 591.0 681.0 623.0 852.0 293.0 759.0 260.0 743.0 239.0 495.0 872.0 63.0 485.0 795.0 91.0 423.0 574.0 281.0 162.0 334.0 904.0 898.0 620.0 234.0 733.0 309.0 811.0 88.0 1190.0 863.0 361.0 284.0 569.0 705.0 919.0 778.0 802.0 573.0 243.0 805.0 172.0 1118.0 455.0 915.0 478.0 689.0 740.0 573.0 881.0 1036.0 0.0 257.0 207.0 795.0 633.0 903.0 111.0 392.0 965.0 916.0 846.0 850.0 709.0 369.0 803.0 339.0 707.0 547.0 151.0 738.0 483.0 600.0 759.0 1069.0 321.0 917.0 878.0 156.0 74.0 771.0 270.0 341.0 541.0 618.0 338.0 503.0 799.0 616.0 593.0 876.0 336.0 843.0 596.0 715.0 617.0 847.0 67.0 166.0 1021.0 749.0 682.0 161.0 319.0 666.0 137.0 671.0 933.0 732.0 821.0 62.0 897.0 782.0 405.0 667.0 812.0 300.0 235.0 539.0 231.0 736.0 
522.0 931.0 560.0 464.0 705.0 731.0 763.0 715.0 619.0 222.0 859.0 400.0 893.0 86.0 523.0 797.0 316.0 421.0 710.0 316.0 444.0 725.0 276.0 107.0 77.0 782.0 759.0 537.0 316.0 614.0 143.0 577.0 324.0 1122.0 804.0 541.0 458.0 641.0 637.0 782.0 580.0 897.0 577.0 157.0 569.0 318.0 1017.0 508.0 862.0 344.0 808.0 500.0 576.0 647.0 953.0 257.0 0.0 156.0 689.0 598.0 888.0 325.0 559.0 973.0 917.0 855.0 897.0 574.0 118.0 923.0 88.0 524.0 500.0 122.0 593.0 251.0 370.0 861.0 988.0 312.0 913.0 698.0 280.0 244.0 862.0 195.0 256.0 379.0 759.0 88.0 553.0 805.0 662.0 362.0 949.0 399.0 690.0 578.0 728.0 703.0 709.0 323.0 389.0 923.0 760.0 741.0 152.0 179.0 666.0 125.0 570.0 844.0 681.0 901.0 248.0 846.0 825.0 329.0 586.0 591.0 440.0 315.0 482.0 187.0 659.0 
562.0 815.0 426.0 322.0 589.0 576.0 610.0 560.0 656.0 96.0 704.0 252.0 738.0 77.0 376.0 695.0 267.0 305.0 613.0 294.0 296.0 572.0 126.0 163.0 215.0 709.0 698.0 436.0 162.0 537.0 111.0 616.0 233.0 1019.0 694.0 397.0 316.0 488.0 530.0 720.0 572.0 743.0 437.0 37.0 611.0 182.0 932.0 356.0 750.0 274.0 653.0 550.0 437.0 686.0 857.0 207.0 156.0 0.0 605.0 474.0 760.0 311.0 411.0 838.0 783.0 718.0 750.0 508.0 220.0 767.0 195.0 501.0 379.0 171.0 535.0 296.0 407.0 706.0 891.0 165.0 781.0 672.0 144.0 152.0 708.0 68.0 144.0 334.0 604.0 194.0 402.0 669.0 513.0 401.0 798.0 244.0 639.0 446.0 589.0 549.0 647.0 260.0 277.0 836.0 621.0 590.0 216.0 113.0 530.0 109.0 481.0 751.0 565.0 749.0 237.0 733.0 678.0 216.0 485.0 612.0 290.0 161.0 365.0 37.0 556.0 
492.0 302.0 300.0 697.0 167.0 678.0 537.0 548.0 513.0 510.0 623.0 636.0 781.0 623.0 402.0 137.0 847.0 313.0 66.0 886.0 425.0 706.0 516.0 756.0 681.0 116.0 145.0 179.0 588.0 82.0 549.0 504.0 779.0 442.0 179.0 718.0 692.0 485.0 132.0 155.0 326.0 628.0 331.0 574.0 513.0 666.0 329.0 456.0 230.0 346.0 652.0 524.0 329.0 532.0 268.0 795.0 689.0 605.0 0.0 231.0 335.0 905.0 693.0 448.0 391.0 379.0 499.0 135.0 629.0 712.0 639.0 278.0 269.0 767.0 145.0 519.0 477.0 632.0 304.0 479.0 379.0 272.0 657.0 724.0 601.0 537.0 461.0 323.0 691.0 637.0 440.0 348.0 422.0 484.0 599.0 517.0 162.0 281.0 346.0 530.0 114.0 829.0 772.0 235.0 348.0 469.0 812.0 517.0 306.0 712.0 125.0 159.0 168.0 592.0 837.0 222.0 454.0 392.0 137.0 436.0 632.0 586.0 266.0 572.0 99.0 
600.0 343.0 73.0 484.0 123.0 450.0 326.0 326.0 652.0 382.0 423.0 433.0 564.0 517.0 177.0 250.0 676.0 178.0 194.0 722.0 220.0 476.0 359.0 636.0 615.0 343.0 374.0 119.0 406.0 229.0 458.0 630.0 599.0 558.0 231.0 495.0 479.0 257.0 101.0 386.0 471.0 439.0 101.0 453.0 635.0 481.0 505.0 232.0 282.0 293.0 436.0 621.0 99.0 677.0 412.0 633.0 598.0 474.0 231.0 0.0 291.0 742.0 467.0 383.0 324.0 271.0 352.0 259.0 576.0 512.0 575.0 394.0 98.0 644.0 295.0 511.0 523.0 431.0 442.0 317.0 319.0 470.0 481.0 560.0 406.0 412.0 343.0 324.0 464.0 573.0 210.0 222.0 201.0 526.0 438.0 316.0 371.0 51.0 168.0 307.0 336.0 654.0 576.0 410.0 189.0 263.0 689.0 421.0 104.0 581.0 164.0 320.0 101.0 414.0 685.0 265.0 288.0 269.0 113.0 575.0 420.0 404.0 118.0 437.0 136.0 
820.0 118.0 335.0 702.0 202.0 537.0 354.0 399.0 846.0 671.0 396.0 672.0 575.0 807.0 410.0 215.0 939.0 468.0 270.0 988.0 481.0 573.0 640.0 922.0 905.0 377.0 441.0 376.0 670.0 398.0 749.0 836.0 856.0 338.0 160.0 685.0 699.0 388.0 279.0 438.0 659.0 379.0 331.0 741.0 844.0 739.0 377.0 457.0 133.0 575.0 461.0 849.0 330.0 866.0 274.0 903.0 888.0 760.0 335.0 291.0 0.0 1009.0 648.0 114.0 60.0 95.0 214.0 451.0 864.0 472.0 864.0 602.0 388.0 929.0 473.0 788.0 778.0 406.0 282.0 598.0 45.0 600.0 748.0 830.0 366.0 700.0 633.0 591.0 536.0 862.0 413.0 118.0 317.0 783.0 312.0 569.0 490.0 314.0 198.0 388.0 435.0 914.0 818.0 317.0 167.0 297.0 974.0 711.0 238.0 865.0 379.0 263.0 222.0 331.0 958.0 129.0 213.0 560.0 336.0 769.0 647.0 669.0 408.0 723.0 278.0 
842.0 1083.0 681.0 361.0 865.0 664.0 772.0 712.0 938.0 401.0 843.0 351.0 810.0 329.0 600.0 982.0 74.0 595.0 906.0 22.0 530.0 643.0 391.0 219.0 397.0 1013.0 1006.0 730.0 340.0 842.0 405.0 897.0 161.0 1299.0 972.0 427.0 360.0 665.0 815.0 1027.0 877.0 888.0 680.0 346.0 890.0 272.0 1228.0 557.0 1024.0 584.0 769.0 823.0 680.0 967.0 1146.0 111.0 325.0 311.0 905.0 742.0 1009.0 0.0 463.0 1067.0 1020.0 949.0 947.0 817.0 442.0 881.0 412.0 809.0 657.0 204.0 845.0 568.0 687.0 842.0 1179.0 431.0 1022.0 981.0 263.0 184.0 858.0 376.0 449.0 644.0 690.0 411.0 605.0 903.0 716.0 680.0 966.0 440.0 949.0 704.0 819.0 708.0 955.0 103.0 226.0 1131.0 852.0 778.0 187.0 420.0 772.0 221.0 781.0 1044.0 841.0 910.0 79.0 1006.0 880.0 514.0 777.0 904.0 388.0 341.0 650.0 338.0 846.0 
896.0 749.0 395.0 105.0 577.0 202.0 335.0 275.0 978.0 403.0 389.0 160.0 352.0 487.0 291.0 708.0 391.0 428.0 661.0 443.0 282.0 183.0 330.0 512.0 625.0 807.0 831.0 530.0 251.0 667.0 499.0 944.0 309.0 979.0 675.0 41.0 109.0 261.0 566.0 845.0 837.0 434.0 369.0 429.0 942.0 245.0 961.0 237.0 711.0 524.0 309.0 897.0 371.0 1008.0 861.0 392.0 559.0 411.0 693.0 467.0 648.0 463.0 0.0 673.0 639.0 566.0 525.0 673.0 628.0 419.0 605.0 752.0 433.0 509.0 711.0 671.0 757.0 386.0 886.0 326.0 646.0 887.0 282.0 345.0 408.0 411.0 420.0 598.0 228.0 604.0 259.0 531.0 333.0 755.0 522.0 220.0 808.0 417.0 453.0 278.0 787.0 361.0 237.0 870.0 482.0 365.0 538.0 476.0 435.0 455.0 593.0 781.0 559.0 463.0 452.0 694.0 469.0 419.0 559.0 914.0 122.0 253.0 444.0 392.0 601.0 
932.0 195.0 414.0 740.0 310.0 531.0 349.0 405.0 959.0 753.0 360.0 721.0 536.0 890.0 471.0 326.0 995.0 559.0 383.0 1046.0 548.0 568.0 714.0 999.0 995.0 486.0 551.0 479.0 733.0 510.0 837.0 949.0 910.0 370.0 272.0 712.0 738.0 416.0 387.0 546.0 772.0 332.0 401.0 822.0 957.0 796.0 451.0 510.0 238.0 674.0 439.0 960.0 401.0 980.0 355.0 965.0 973.0 838.0 448.0 383.0 114.0 1067.0 673.0 0.0 61.0 120.0 168.0 563.0 958.0 422.0 956.0 715.0 478.0 1005.0 586.0 890.0 886.0 369.0 353.0 673.0 71.0 712.0 809.0 893.0 329.0 781.0 719.0 695.0 525.0 954.0 463.0 169.0 354.0 890.0 246.0 629.0 603.0 396.0 251.0 398.0 547.0 969.0 865.0 408.0 218.0 308.0 1049.0 799.0 309.0 940.0 488.0 367.0 327.0 282.0 1022.0 237.0 205.0 648.0 442.0 882.0 691.0 732.0 500.0 801.0 388.0 
873.0 165.0 358.0 700.0 250.0 511.0 328.0 378.0 902.0 697.0 356.0 677.0 535.0 834.0 422.0 275.0 948.0 500.0 326.0 999.0 496.0 548.0 661.0 945.0 937.0 437.0 501.0 419.0 683.0 452.0 780.0 891.0 864.0 368.0 219.0 677.0 698.0 379.0 326.0 497.0 714.0 335.0 348.0 767.0 898.0 749.0 426.0 463.0 192.0 614.0 428.0 901.0 348.0 923.0 326.0 916.0 917.0 783.0 391.0 324.0 60.0 1020.0 639.0 61.0 0.0 73.0 167.0 504.0 900.0 427.0 898.0 656.0 420.0 951.0 527.0 830.0 825.0 365.0 329.0 619.0 16.0 659.0 760.0 844.0 325.0 726.0 662.0 635.0 508.0 896.0 417.0 117.0 312.0 830.0 260.0 580.0 549.0 339.0 202.0 369.0 494.0 923.0 822.0 373.0 168.0 278.0 996.0 742.0 254.0 887.0 428.0 322.0 267.0 285.0 973.0 188.0 182.0 590.0 382.0 824.0 649.0 682.0 441.0 746.0 329.0 
844.0 212.0 296.0 627.0 221.0 445.0 261.0 309.0 881.0 634.0 302.0 605.0 481.0 772.0 352.0 281.0 877.0 444.0 313.0 928.0 428.0 481.0 595.0 879.0 879.0 442.0 502.0 376.0 613.0 429.0 720.0 866.0 792.0 431.0 224.0 605.0 625.0 306.0 292.0 502.0 693.0 288.0 281.0 703.0 873.0 678.0 469.0 392.0 215.0 563.0 367.0 870.0 282.0 903.0 365.0 846.0 855.0 718.0 379.0 271.0 95.0 949.0 566.0 120.0 73.0 0.0 128.0 478.0 844.0 380.0 840.0 628.0 364.0 885.0 505.0 781.0 786.0 312.0 375.0 554.0 80.0 650.0 690.0 774.0 272.0 663.0 601.0 591.0 443.0 838.0 346.0 50.0 240.0 790.0 230.0 510.0 540.0 279.0 132.0 299.0 488.0 851.0 749.0 404.0 98.0 207.0 929.0 682.0 190.0 821.0 394.0 340.0 233.0 241.0 903.0 206.0 118.0 531.0 345.0 803.0 576.0 612.0 387.0 682.0 302.0 
947.0 329.0 353.0 602.0 335.0 368.0 191.0 251.0 990.0 675.0 193.0 596.0 371.0 812.0 375.0 408.0 873.0 508.0 434.0 926.0 455.0 405.0 625.0 906.0 931.0 569.0 627.0 468.0 624.0 541.0 771.0 973.0 787.0 532.0 351.0 565.0 602.0 283.0 399.0 628.0 804.0 169.0 327.0 741.0 979.0 679.0 590.0 400.0 342.0 637.0 272.0 970.0 328.0 1014.0 488.0 850.0 897.0 750.0 499.0 352.0 214.0 947.0 525.0 168.0 167.0 128.0 0.0 587.0 901.0 261.0 894.0 734.0 433.0 910.0 617.0 856.0 874.0 202.0 494.0 587.0 181.0 771.0 698.0 782.0 162.0 702.0 650.0 675.0 360.0 892.0 352.0 151.0 239.0 878.0 102.0 521.0 661.0 343.0 185.0 248.0 610.0 846.0 733.0 530.0 165.0 169.0 952.0 733.0 252.0 845.0 497.0 468.0 342.0 119.0 910.0 333.0 73.0 586.0 446.0 912.0 561.0 624.0 458.0 715.0 415.0 
370.0 434.0 309.0 657.0 258.0 697.0 584.0 581.0 404.0 417.0 681.0 588.0 821.0 515.0 395.0 270.0 765.0 252.0 187.0 799.0 392.0 720.0 440.0 650.0 558.0 209.0 190.0 151.0 523.0 56.0 438.0 389.0 706.0 574.0 305.0 692.0 651.0 507.0 189.0 212.0 218.0 694.0 346.0 475.0 396.0 599.0 448.0 442.0 360.0 237.0 693.0 399.0 344.0 428.0 399.0 709.0 574.0 508.0 135.0 259.0 451.0 817.0 673.0 563.0 504.0 478.0 587.0 0.0 504.0 770.0 517.0 152.0 244.0 662.0 39.0 387.0 342.0 689.0 435.0 408.0 493.0 218.0 583.0 641.0 663.0 442.0 368.0 198.0 715.0 515.0 440.0 439.0 458.0 349.0 681.0 472.0 140.0 297.0 413.0 563.0 139.0 750.0 711.0 358.0 424.0 520.0 706.0 410.0 357.0 612.0 95.0 291.0 246.0 665.0 745.0 350.0 531.0 308.0 147.0 326.0 592.0 521.0 230.0 479.0 176.0 
407.0 894.0 552.0 542.0 671.0 782.0 788.0 746.0 503.0 242.0 888.0 470.0 943.0 147.0 537.0 748.0 430.0 401.0 660.0 433.0 462.0 781.0 312.0 224.0 58.0 712.0 681.0 496.0 377.0 550.0 138.0 462.0 428.0 1069.0 763.0 616.0 535.0 666.0 598.0 704.0 478.0 923.0 575.0 200.0 453.0 400.0 951.0 533.0 821.0 294.0 848.0 384.0 574.0 531.0 897.0 369.0 118.0 220.0 629.0 576.0 864.0 442.0 628.0 958.0 900.0 844.0 901.0 504.0 0.0 959.0 31.0 432.0 481.0 239.0 517.0 142.0 258.0 892.0 933.0 336.0 894.0 602.0 362.0 344.0 887.0 224.0 255.0 307.0 809.0 32.0 574.0 794.0 674.0 249.0 964.0 441.0 607.0 566.0 724.0 732.0 633.0 435.0 486.0 861.0 753.0 756.0 267.0 173.0 658.0 234.0 518.0 787.0 648.0 921.0 365.0 807.0 829.0 316.0 543.0 480.0 507.0 376.0 459.0 237.0 615.0 
1101.0 588.0 476.0 520.0 547.0 217.0 190.0 216.0 1160.0 718.0 90.0 549.0 123.0 840.0 437.0 647.0 808.0 613.0 653.0 861.0 502.0 243.0 651.0 902.0 974.0 800.0 852.0 628.0 613.0 735.0 822.0 1136.0 724.0 790.0 592.0 457.0 522.0 299.0 591.0 856.0 982.0 93.0 439.0 771.0 1140.0 641.0 848.0 428.0 594.0 746.0 116.0 1117.0 441.0 1187.0 744.0 803.0 923.0 767.0 712.0 512.0 472.0 881.0 419.0 422.0 427.0 380.0 261.0 770.0 959.0 0.0 944.0 904.0 559.0 902.0 806.0 952.0 1000.0 82.0 753.0 623.0 441.0 975.0 671.0 748.0 113.0 739.0 709.0 804.0 193.0 942.0 392.0 384.0 320.0 1001.0 181.0 524.0 870.0 480.0 367.0 232.0 825.0 779.0 655.0 783.0 368.0 250.0 937.0 788.0 414.0 841.0 675.0 713.0 545.0 143.0 865.0 583.0 269.0 666.0 623.0 1085.0 507.0 613.0 583.0 737.0 617.0 
436.0 898.0 546.0 517.0 673.0 763.0 775.0 732.0 532.0 227.0 874.0 446.0 925.0 121.0 526.0 755.0 399.0 398.0 667.0 402.0 450.0 762.0 294.0 194.0 42.0 725.0 697.0 500.0 355.0 560.0 125.0 491.0 399.0 1078.0 768.0 592.0 510.0 653.0 602.0 720.0 502.0 910.0 569.0 179.0 483.0 374.0 963.0 520.0 826.0 299.0 832.0 413.0 568.0 560.0 906.0 339.0 88.0 195.0 639.0 575.0 864.0 412.0 605.0 956.0 898.0 840.0 894.0 517.0 31.0 944.0 0.0 452.0 478.0 209.0 531.0 168.0 285.0 878.0 942.0 322.0 893.0 623.0 336.0 315.0 874.0 206.0 245.0 320.0 791.0 2.0 562.0 791.0 665.0 277.0 954.0 423.0 624.0 562.0 718.0 718.0 648.0 404.0 458.0 872.0 748.0 745.0 238.0 162.0 653.0 203.0 525.0 797.0 650.0 910.0 335.0 811.0 822.0 310.0 548.0 507.0 484.0 354.0 457.0 215.0 620.0 
218.0 580.0 430.0 717.0 409.0 809.0 715.0 705.0 258.0 423.0 815.0 641.0 944.0 485.0 499.0 414.0 768.0 327.0 336.0 793.0 474.0 827.0 469.0 616.0 489.0 315.0 267.0 276.0 561.0 205.0 407.0 239.0 723.0 698.0 454.0 764.0 710.0 625.0 337.0 289.0 85.0 832.0 468.0 465.0 245.0 631.0 553.0 538.0 507.0 243.0 819.0 248.0 466.0 284.0 524.0 707.0 524.0 501.0 278.0 394.0 602.0 809.0 752.0 715.0 656.0 628.0 734.0 152.0 432.0 904.0 452.0 0.0 352.0 630.0 133.0 295.0 216.0 823.0 560.0 448.0 644.0 174.0 607.0 648.0 799.0 441.0 379.0 170.0 829.0 450.0 547.0 588.0 585.0 224.0 827.0 537.0 185.0 424.0 556.0 686.0 227.0 759.0 744.0 474.0 570.0 655.0 670.0 390.0 496.0 591.0 237.0 423.0 396.0 807.0 732.0 498.0 676.0 344.0 289.0 182.0 655.0 559.0 331.0 480.0 328.0 
543.0 437.0 85.0 430.0 211.0 459.0 370.0 354.0 605.0 286.0 473.0 369.0 592.0 421.0 152.0 326.0 594.0 81.0 253.0 637.0 157.0 479.0 269.0 541.0 518.0 384.0 400.0 98.0 326.0 235.0 361.0 579.0 520.0 644.0 317.0 455.0 424.0 274.0 159.0 416.0 435.0 496.0 120.0 357.0 582.0 404.0 575.0 199.0 372.0 205.0 469.0 559.0 119.0 633.0 490.0 547.0 500.0 379.0 269.0 98.0 388.0 657.0 433.0 478.0 420.0 364.0 433.0 244.0 481.0 559.0 478.0 352.0 0.0 549.0 283.0 424.0 448.0 480.0 522.0 227.0 415.0 461.0 400.0 474.0 461.0 316.0 246.0 248.0 478.0 476.0 198.0 315.0 240.0 450.0 510.0 249.0 377.0 90.0 249.0 335.0 355.0 573.0 506.0 479.0 276.0 316.0 595.0 323.0 182.0 487.0 161.0 389.0 187.0 479.0 596.0 355.0 364.0 172.0 132.0 531.0 364.0 325.0 26.0 343.0 192.0 
642.0 985.0 595.0 406.0 759.0 697.0 758.0 705.0 739.0 264.0 847.0 356.0 856.0 147.0 538.0 863.0 203.0 475.0 780.0 197.0 459.0 686.0 291.0 16.0 193.0 867.0 851.0 603.0 293.0 696.0 227.0 697.0 231.0 1188.0 863.0 484.0 402.0 639.0 698.0 873.0 691.0 888.0 605.0 195.0 689.0 265.0 1095.0 511.0 919.0 426.0 786.0 621.0 604.0 767.0 1024.0 151.0 122.0 171.0 767.0 644.0 929.0 204.0 509.0 1005.0 951.0 885.0 910.0 662.0 239.0 902.0 209.0 630.0 549.0 0.0 685.0 370.0 489.0 848.0 1058.0 333.0 950.0 804.0 232.0 166.0 854.0 235.0 309.0 474.0 725.0 208.0 559.0 836.0 672.0 481.0 951.0 392.0 786.0 616.0 755.0 695.0 800.0 216.0 305.0 1000.0 788.0 746.0 46.0 253.0 697.0 65.0 644.0 917.0 735.0 899.0 129.0 903.0 839.0 384.0 652.0 709.0 399.0 293.0 535.0 207.0 724.0 
349.0 447.0 347.0 694.0 285.0 736.0 621.0 619.0 376.0 445.0 716.0 623.0 858.0 538.0 433.0 282.0 794.0 289.0 205.0 827.0 429.0 759.0 472.0 672.0 572.0 197.0 167.0 189.0 557.0 77.0 459.0 364.0 737.0 573.0 322.0 729.0 688.0 545.0 220.0 189.0 188.0 728.0 384.0 501.0 371.0 632.0 438.0 481.0 374.0 262.0 731.0 380.0 382.0 398.0 398.0 738.0 593.0 535.0 145.0 295.0 473.0 845.0 711.0 586.0 527.0 505.0 617.0 39.0 517.0 806.0 531.0 133.0 283.0 685.0 0.0 394.0 338.0 725.0 434.0 442.0 516.0 179.0 615.0 671.0 698.0 469.0 397.0 214.0 753.0 530.0 479.0 468.0 495.0 345.0 713.0 509.0 106.0 335.0 447.0 600.0 117.0 781.0 744.0 353.0 456.0 556.0 729.0 433.0 393.0 636.0 132.0 294.0 276.0 698.0 772.0 366.0 564.0 340.0 183.0 298.0 629.0 555.0 268.0 507.0 204.0 
275.0 802.0 504.0 600.0 588.0 797.0 769.0 736.0 371.0 270.0 873.0 522.0 954.0 245.0 516.0 646.0 545.0 350.0 559.0 557.0 452.0 803.0 341.0 355.0 200.0 591.0 554.0 413.0 427.0 438.0 187.0 330.0 527.0 960.0 670.0 668.0 593.0 653.0 512.0 576.0 337.0 903.0 534.0 264.0 323.0 471.0 832.0 528.0 728.0 220.0 846.0 257.0 533.0 400.0 786.0 483.0 251.0 296.0 519.0 511.0 788.0 568.0 671.0 890.0 830.0 781.0 856.0 387.0 142.0 952.0 168.0 295.0 424.0 370.0 394.0 0.0 119.0 878.0 822.0 350.0 823.0 463.0 437.0 443.0 867.0 267.0 255.0 201.0 823.0 167.0 560.0 733.0 646.0 112.0 930.0 461.0 476.0 513.0 672.0 720.0 508.0 545.0 573.0 745.0 698.0 727.0 403.0 199.0 605.0 350.0 420.0 677.0 567.0 893.0 490.0 714.0 786.0 287.0 455.0 340.0 552.0 426.0 399.0 296.0 522.0 
157.0 774.0 532.0 695.0 577.0 863.0 812.0 787.0 253.0 365.0 916.0 616.0 1015.0 362.0 566.0 611.0 662.0 387.0 527.0 675.0 513.0 873.0 432.0 474.0 314.0 529.0 482.0 411.0 523.0 397.0 297.0 212.0 640.0 910.0 644.0 758.0 688.0 703.0 500.0 504.0 235.0 942.0 566.0 373.0 205.0 575.0 768.0 587.0 700.0 254.0 900.0 145.0 564.0 282.0 735.0 600.0 370.0 407.0 477.0 523.0 778.0 687.0 757.0 886.0 825.0 786.0 874.0 342.0 258.0 1000.0 285.0 216.0 448.0 489.0 338.0 119.0 0.0 922.0 771.0 431.0 816.0 367.0 542.0 556.0 907.0 368.0 339.0 200.0 888.0 284.0 613.0 740.0 684.0 10.0 956.0 540.0 400.0 536.0 689.0 769.0 441.0 661.0 681.0 687.0 711.0 762.0 522.0 301.0 623.0 468.0 400.0 630.0 559.0 926.0 609.0 689.0 808.0 348.0 444.0 223.0 642.0 521.0 423.0 401.0 502.0 
1022.0 523.0 397.0 482.0 467.0 194.0 111.0 147.0 1080.0 651.0 11.0 500.0 170.0 777.0 362.0 571.0 768.0 536.0 573.0 822.0 432.0 228.0 587.0 847.0 909.0 722.0 772.0 547.0 556.0 654.0 755.0 1056.0 683.0 733.0 517.0 426.0 483.0 226.0 510.0 777.0 901.0 50.0 360.0 707.0 1060.0 591.0 780.0 359.0 522.0 670.0 83.0 1038.0 362.0 1106.0 676.0 759.0 861.0 706.0 632.0 431.0 406.0 842.0 386.0 369.0 365.0 312.0 202.0 689.0 892.0 82.0 878.0 823.0 480.0 848.0 725.0 878.0 922.0 0.0 686.0 557.0 379.0 894.0 619.0 699.0 41.0 673.0 639.0 725.0 177.0 876.0 320.0 310.0 241.0 924.0 149.0 463.0 790.0 399.0 287.0 161.0 745.0 739.0 618.0 711.0 290.0 169.0 885.0 720.0 333.0 785.0 594.0 639.0 465.0 93.0 820.0 510.0 197.0 592.0 542.0 1004.0 459.0 556.0 504.0 675.0 537.0 
757.0 166.0 511.0 919.0 319.0 804.0 626.0 664.0 751.0 796.0 676.0 873.0 855.0 919.0 610.0 197.0 1114.0 588.0 279.0 1158.0 662.0 839.0 789.0 1048.0 983.0 248.0 309.0 456.0 845.0 385.0 847.0 755.0 1039.0 139.0 214.0 919.0 915.0 634.0 364.0 291.0 582.0 660.0 525.0 864.0 766.0 922.0 98.0 664.0 176.0 646.0 738.0 794.0 524.0 763.0 37.0 1069.0 988.0 891.0 304.0 442.0 282.0 1179.0 886.0 353.0 329.0 375.0 494.0 435.0 933.0 753.0 942.0 560.0 522.0 1058.0 434.0 822.0 771.0 686.0 0.0 748.0 314.0 477.0 920.0 995.0 647.0 825.0 750.0 627.0 807.0 940.0 630.0 384.0 561.0 779.0 589.0 757.0 388.0 487.0 443.0 650.0 336.0 1094.0 1018.0 93.0 421.0 563.0 1104.0 813.0 451.0 1000.0 419.0 146.0 341.0 612.0 1116.0 193.0 492.0 676.0 407.0 682.0 857.0 844.0 530.0 856.0 335.0 
572.0 660.0 263.0 272.0 437.0 451.0 455.0 410.0 657.0 95.0 553.0 194.0 611.0 227.0 212.0 552.0 369.0 167.0 476.0 411.0 133.0 455.0 43.0 326.0 354.0 591.0 593.0 302.0 116.0 424.0 199.0 621.0 301.0 871.0 544.0 329.0 265.0 333.0 385.0 612.0 530.0 589.0 273.0 156.0 619.0 191.0 798.0 199.0 597.0 208.0 512.0 572.0 272.0 687.0 716.0 321.0 312.0 165.0 479.0 317.0 598.0 431.0 326.0 673.0 619.0 554.0 587.0 408.0 336.0 623.0 322.0 448.0 227.0 333.0 442.0 350.0 431.0 557.0 748.0 0.0 618.0 604.0 178.0 248.0 554.0 118.0 95.0 283.0 477.0 320.0 243.0 505.0 351.0 429.0 638.0 112.0 547.0 285.0 424.0 397.0 543.0 351.0 303.0 702.0 457.0 430.0 377.0 166.0 365.0 268.0 357.0 613.0 413.0 591.0 369.0 580.0 515.0 106.0 348.0 597.0 214.0 114.0 219.0 129.0 416.0 
862.0 149.0 356.0 705.0 240.0 522.0 338.0 387.0 890.0 694.0 369.0 680.0 548.0 832.0 423.0 260.0 950.0 496.0 314.0 1001.0 497.0 558.0 660.0 943.0 933.0 422.0 486.0 411.0 684.0 440.0 776.0 879.0 866.0 356.0 205.0 684.0 703.0 385.0 317.0 482.0 702.0 349.0 347.0 765.0 886.0 751.0 411.0 466.0 177.0 608.0 440.0 890.0 347.0 910.0 310.0 917.0 913.0 781.0 379.0 319.0 45.0 1022.0 646.0 71.0 16.0 80.0 181.0 493.0 894.0 441.0 893.0 644.0 415.0 950.0 516.0 823.0 816.0 379.0 314.0 618.0 0.0 645.0 761.0 845.0 338.0 723.0 658.0 627.0 519.0 891.0 420.0 119.0 317.0 821.0 275.0 582.0 535.0 337.0 204.0 378.0 480.0 925.0 825.0 357.0 171.0 286.0 995.0 738.0 254.0 886.0 418.0 307.0 258.0 299.0 974.0 173.0 192.0 586.0 373.0 812.0 653.0 683.0 436.0 745.0 318.0 
297.0 545.0 525.0 864.0 437.0 914.0 793.0 795.0 276.0 590.0 886.0 792.0 1033.0 659.0 612.0 388.0 938.0 461.0 338.0 965.0 605.0 937.0 629.0 790.0 660.0 238.0 172.0 368.0 718.0 242.0 580.0 283.0 889.0 607.0 441.0 904.0 858.0 723.0 385.0 186.0 133.0 894.0 561.0 636.0 295.0 791.0 442.0 659.0 480.0 405.0 905.0 337.0 559.0 287.0 445.0 878.0 698.0 672.0 272.0 470.0 600.0 981.0 887.0 712.0 659.0 650.0 771.0 218.0 602.0 975.0 623.0 174.0 461.0 804.0 179.0 463.0 367.0 894.0 477.0 604.0 645.0 0.0 770.0 817.0 865.0 610.0 544.0 338.0 931.0 622.0 657.0 620.0 670.0 376.0 870.0 680.0 111.0 512.0 611.0 776.0 166.0 927.0 904.0 384.0 616.0 727.0 844.0 562.0 562.0 764.0 309.0 365.0 434.0 861.0 905.0 478.0 723.0 499.0 357.0 211.0 800.0 716.0 446.0 649.0 360.0 
695.0 821.0 419.0 184.0 604.0 466.0 534.0 478.0 787.0 186.0 618.0 125.0 625.0 216.0 339.0 724.0 195.0 344.0 651.0 242.0 268.0 455.0 144.0 234.0 350.0 768.0 769.0 479.0 78.0 601.0 251.0 748.0 124.0 1039.0 712.0 262.0 179.0 419.0 558.0 789.0 685.0 660.0 418.0 173.0 744.0 39.0 973.0 300.0 763.0 366.0 555.0 687.0 418.0 817.0 889.0 156.0 280.0 144.0 657.0 481.0 748.0 263.0 282.0 809.0 760.0 690.0 698.0 583.0 362.0 671.0 336.0 607.0 400.0 232.0 615.0 437.0 542.0 619.0 920.0 178.0 761.0 770.0 0.0 85.0 628.0 176.0 228.0 437.0 493.0 334.0 349.0 644.0 462.0 537.0 729.0 181.0 721.0 442.0 559.0 471.0 719.0 174.0 140.0 877.0 593.0 530.0 267.0 242.0 510.0 174.0 534.0 788.0 581.0 675.0 214.0 745.0 629.0 276.0 524.0 736.0 168.0 79.0 394.0 142.0 590.0 
712.0 901.0 499.0 242.0 682.0 538.0 617.0 560.0 807.0 227.0 698.0 200.0 695.0 202.0 423.0 799.0 124.0 413.0 723.0 164.0 350.0 525.0 208.0 171.0 319.0 834.0 830.0 548.0 161.0 664.0 260.0 767.0 85.0 1116.0 789.0 319.0 237.0 502.0 632.0 850.0 722.0 741.0 500.0 188.0 761.0 108.0 1045.0 385.0 841.0 413.0 633.0 699.0 500.0 836.0 963.0 74.0 244.0 152.0 724.0 560.0 830.0 184.0 345.0 893.0 844.0 774.0 782.0 641.0 344.0 748.0 315.0 648.0 474.0 166.0 671.0 443.0 556.0 699.0 995.0 248.0 845.0 817.0 85.0 0.0 709.0 207.0 275.0 479.0 566.0 314.0 433.0 727.0 546.0 550.0 811.0 265.0 776.0 522.0 643.0 553.0 779.0 111.0 146.0 949.0 677.0 614.0 193.0 264.0 593.0 121.0 600.0 861.0 658.0 757.0 130.0 824.0 713.0 335.0 595.0 763.0 242.0 162.0 467.0 168.0 663.0 
1001.0 483.0 377.0 499.0 435.0 224.0 100.0 150.0 1057.0 648.0 31.0 512.0 210.0 777.0 353.0 535.0 784.0 522.0 541.0 837.0 426.0 259.0 586.0 853.0 907.0 687.0 739.0 524.0 562.0 626.0 751.0 1034.0 698.0 692.0 480.0 448.0 500.0 222.0 481.0 744.0 877.0 36.0 341.0 707.0 1038.0 602.0 741.0 356.0 484.0 656.0 116.0 1019.0 343.0 1083.0 636.0 771.0 862.0 708.0 601.0 406.0 366.0 858.0 408.0 329.0 325.0 272.0 162.0 663.0 887.0 113.0 874.0 799.0 461.0 854.0 698.0 867.0 907.0 41.0 647.0 554.0 338.0 865.0 628.0 709.0 0.0 671.0 633.0 708.0 209.0 872.0 314.0 272.0 223.0 908.0 117.0 465.0 759.0 378.0 255.0 160.0 714.0 755.0 635.0 673.0 256.0 146.0 892.0 715.0 306.0 791.0 568.0 602.0 434.0 59.0 832.0 472.0 158.0 583.0 516.0 980.0 472.0 562.0 486.0 675.0 506.0 
520.0 752.0 368.0 334.0 525.0 558.0 572.0 527.0 612.0 30.0 670.0 257.0 720.0 110.0 329.0 629.0 328.0 240.0 546.0 359.0 250.0 558.0 88.0 226.0 237.0 642.0 631.0 369.0 162.0 470.0 90.0 573.0 284.0 953.0 629.0 403.0 327.0 450.0 464.0 653.0 515.0 707.0 383.0 42.0 569.0 208.0 864.0 316.0 685.0 208.0 626.0 512.0 382.0 642.0 790.0 270.0 195.0 68.0 537.0 412.0 700.0 376.0 411.0 781.0 726.0 663.0 702.0 442.0 224.0 739.0 206.0 441.0 316.0 235.0 469.0 267.0 368.0 673.0 825.0 118.0 723.0 610.0 176.0 207.0 671.0 0.0 76.0 272.0 585.0 205.0 360.0 613.0 468.0 363.0 755.0 217.0 574.0 387.0 535.0 514.0 580.0 318.0 315.0 769.0 567.0 547.0 281.0 68.0 473.0 176.0 413.0 684.0 501.0 709.0 304.0 668.0 630.0 149.0 418.0 562.0 290.0 160.0 301.0 40.0 490.0 
483.0 680.0 305.0 358.0 453.0 544.0 534.0 494.0 570.0 49.0 635.0 279.0 702.0 175.0 282.0 554.0 398.0 168.0 471.0 431.0 208.0 549.0 95.0 300.0 282.0 566.0 558.0 294.0 189.0 395.0 122.0 533.0 345.0 879.0 556.0 420.0 351.0 414.0 390.0 579.0 458.0 669.0 325.0 115.0 531.0 253.0 789.0 282.0 612.0 140.0 599.0 480.0 324.0 601.0 715.0 341.0 256.0 144.0 461.0 343.0 633.0 449.0 420.0 719.0 662.0 601.0 650.0 368.0 255.0 709.0 245.0 379.0 246.0 309.0 397.0 255.0 339.0 639.0 750.0 95.0 658.0 544.0 228.0 275.0 633.0 76.0 0.0 210.0 570.0 243.0 320.0 551.0 420.0 336.0 710.0 206.0 502.0 323.0 476.0 479.0 507.0 385.0 366.0 693.0 507.0 501.0 355.0 84.0 412.0 252.0 338.0 608.0 430.0 667.0 378.0 596.0 578.0 75.0 343.0 515.0 304.0 187.0 229.0 112.0 415.0 
306.0 601.0 333.0 554.0 390.0 679.0 615.0 593.0 381.0 254.0 719.0 477.0 826.0 327.0 374.0 447.0 600.0 193.0 359.0 628.0 331.0 693.0 300.0 461.0 361.0 406.0 381.0 217.0 394.0 243.0 248.0 349.0 553.0 765.0 469.0 606.0 547.0 510.0 313.0 403.0 249.0 743.0 368.0 298.0 349.0 462.0 645.0 402.0 527.0 76.0 707.0 316.0 366.0 411.0 591.0 541.0 379.0 334.0 323.0 324.0 591.0 644.0 598.0 695.0 635.0 591.0 675.0 198.0 307.0 804.0 320.0 170.0 248.0 474.0 214.0 201.0 200.0 725.0 627.0 283.0 627.0 338.0 437.0 479.0 708.0 272.0 210.0 0.0 702.0 318.0 422.0 544.0 486.0 203.0 757.0 379.0 312.0 336.0 490.0 575.0 331.0 590.0 575.0 554.0 513.0 564.0 517.0 226.0 424.0 429.0 220.0 482.0 370.0 726.0 569.0 514.0 609.0 181.0 256.0 317.0 494.0 392.0 223.0 311.0 322.0 
1007.0 651.0 407.0 332.0 539.0 28.0 183.0 147.0 1077.0 569.0 183.0 369.0 135.0 679.0 331.0 661.0 619.0 511.0 641.0 671.0 375.0 52.0 498.0 727.0 817.0 794.0 835.0 565.0 444.0 692.0 673.0 1048.0 536.0 873.0 614.0 265.0 335.0 209.0 560.0 844.0 912.0 226.0 370.0 613.0 1050.0 461.0 895.0 301.0 634.0 636.0 95.0 1017.0 372.0 1106.0 791.0 618.0 759.0 604.0 691.0 464.0 536.0 690.0 228.0 525.0 508.0 443.0 360.0 715.0 809.0 193.0 791.0 829.0 478.0 725.0 753.0 823.0 888.0 177.0 807.0 477.0 519.0 931.0 493.0 566.0 209.0 585.0 570.0 702.0 0.0 789.0 283.0 424.0 269.0 887.0 324.0 369.0 835.0 420.0 370.0 164.0 799.0 589.0 465.0 816.0 388.0 245.0 757.0 642.0 388.0 666.0 622.0 734.0 530.0 267.0 679.0 619.0 327.0 541.0 576.0 1006.0 326.0 444.0 498.0 578.0 592.0 
436.0 896.0 545.0 515.0 671.0 761.0 773.0 730.0 532.0 225.0 872.0 444.0 923.0 119.0 524.0 753.0 399.0 396.0 665.0 402.0 448.0 760.0 292.0 194.0 44.0 724.0 695.0 498.0 353.0 559.0 123.0 491.0 398.0 1076.0 766.0 590.0 509.0 651.0 600.0 718.0 501.0 908.0 567.0 177.0 482.0 373.0 962.0 518.0 824.0 297.0 830.0 413.0 566.0 560.0 904.0 338.0 88.0 194.0 637.0 573.0 862.0 411.0 604.0 954.0 896.0 838.0 892.0 515.0 32.0 942.0 2.0 450.0 476.0 208.0 530.0 167.0 284.0 876.0 940.0 320.0 891.0 622.0 334.0 314.0 872.0 205.0 243.0 318.0 789.0 0.0 560.0 789.0 663.0 276.0 952.0 421.0 622.0 560.0 716.0 716.0 647.0 404.0 457.0 870.0 746.0 743.0 238.0 160.0 651.0 203.0 523.0 795.0 648.0 908.0 334.0 809.0 820.0 308.0 546.0 506.0 482.0 352.0 456.0 213.0 618.0 
726.0 503.0 140.0 292.0 318.0 262.0 214.0 177.0 795.0 336.0 316.0 260.0 404.0 468.0 49.0 450.0 532.0 230.0 403.0 583.0 113.0 282.0 277.0 555.0 595.0 552.0 581.0 290.0 273.0 424.0 438.0 766.0 447.0 731.0 418.0 290.0 289.0 94.0 310.0 594.0 631.0 349.0 111.0 397.0 768.0 334.0 703.0 49.0 458.0 359.0 288.0 737.0 113.0 824.0 605.0 503.0 553.0 402.0 440.0 210.0 413.0 605.0 259.0 463.0 417.0 346.0 352.0 440.0 574.0 392.0 562.0 547.0 198.0 559.0 479.0 560.0 613.0 320.0 630.0 243.0 420.0 657.0 349.0 433.0 314.0 360.0 320.0 422.0 283.0 560.0 0.0 301.0 114.0 613.0 397.0 169.0 568.0 160.0 217.0 161.0 540.0 506.0 406.0 612.0 250.0 189.0 601.0 402.0 182.0 494.0 351.0 522.0 300.0 349.0 562.0 440.0 282.0 274.0 310.0 723.0 235.0 273.0 217.0 368.0 345.0 
803.0 227.0 246.0 587.0 185.0 423.0 243.0 284.0 843.0 585.0 300.0 561.0 475.0 722.0 305.0 264.0 832.0 394.0 284.0 882.0 380.0 458.0 546.0 830.0 830.0 422.0 479.0 330.0 567.0 392.0 671.0 827.0 748.0 454.0 209.0 569.0 585.0 270.0 252.0 480.0 656.0 293.0 232.0 654.0 833.0 632.0 474.0 347.0 214.0 515.0 356.0 828.0 233.0 866.0 370.0 799.0 805.0 669.0 348.0 222.0 118.0 903.0 531.0 169.0 117.0 50.0 151.0 439.0 794.0 384.0 791.0 588.0 315.0 836.0 468.0 733.0 740.0 310.0 384.0 505.0 119.0 620.0 644.0 727.0 272.0 613.0 551.0 544.0 424.0 789.0 301.0 0.0 200.0 744.0 251.0 464.0 510.0 229.0 85.0 272.0 460.0 806.0 707.0 402.0 52.0 182.0 881.0 633.0 140.0 772.0 352.0 330.0 193.0 251.0 856.0 201.0 115.0 481.0 302.0 765.0 534.0 566.0 338.0 632.0 265.0 
782.0 418.0 157.0 388.0 272.0 258.0 131.0 126.0 841.0 442.0 234.0 368.0 364.0 577.0 140.0 398.0 643.0 299.0 373.0 695.0 219.0 289.0 388.0 668.0 700.0 526.0 566.0 311.0 387.0 428.0 540.0 817.0 557.0 647.0 356.0 369.0 386.0 74.0 292.0 576.0 666.0 259.0 120.0 506.0 820.0 445.0 642.0 163.0 385.0 433.0 236.0 798.0 122.0 868.0 539.0 616.0 662.0 513.0 422.0 201.0 317.0 716.0 333.0 354.0 312.0 240.0 239.0 458.0 674.0 320.0 665.0 585.0 240.0 672.0 495.0 646.0 684.0 241.0 561.0 351.0 317.0 670.0 462.0 546.0 223.0 468.0 420.0 486.0 269.0 663.0 114.0 200.0 0.0 685.0 290.0 283.0 570.0 162.0 121.0 108.0 532.0 616.0 511.0 557.0 151.0 82.0 714.0 503.0 120.0 607.0 363.0 471.0 261.0 248.0 675.0 368.0 168.0 364.0 313.0 766.0 338.0 387.0 264.0 478.0 324.0 
164.0 780.0 534.0 691.0 582.0 863.0 814.0 787.0 260.0 361.0 918.0 612.0 1015.0 355.0 566.0 618.0 655.0 388.0 533.0 668.0 512.0 873.0 428.0 466.0 305.0 537.0 490.0 415.0 519.0 404.0 291.0 219.0 634.0 917.0 650.0 755.0 684.0 704.0 505.0 513.0 244.0 943.0 568.0 367.0 212.0 571.0 776.0 587.0 706.0 255.0 900.0 150.0 566.0 289.0 742.0 593.0 362.0 401.0 484.0 526.0 783.0 680.0 755.0 890.0 830.0 790.0 878.0 349.0 249.0 1001.0 277.0 224.0 450.0 481.0 345.0 112.0 10.0 924.0 779.0 429.0 821.0 376.0 537.0 550.0 908.0 363.0 336.0 203.0 887.0 276.0 613.0 744.0 685.0 0.0 959.0 538.0 409.0 538.0 693.0 770.0 449.0 654.0 676.0 695.0 715.0 764.0 514.0 296.0 626.0 461.0 405.0 638.0 564.0 928.0 601.0 695.0 811.0 347.0 449.0 231.0 639.0 517.0 425.0 396.0 507.0 
1037.0 424.0 427.0 611.0 433.0 340.0 196.0 254.0 1084.0 730.0 142.0 617.0 301.0 864.0 429.0 510.0 892.0 580.0 534.0 946.0 506.0 374.0 674.0 948.0 989.0 670.0 729.0 555.0 659.0 638.0 830.0 1065.0 806.0 615.0 453.0 562.0 611.0 312.0 494.0 729.0 898.0 101.0 396.0 793.0 1070.0 705.0 686.0 443.0 442.0 713.0 230.0 1058.0 398.0 1108.0 584.0 876.0 949.0 798.0 599.0 438.0 312.0 966.0 522.0 246.0 260.0 230.0 102.0 681.0 964.0 181.0 954.0 827.0 510.0 951.0 713.0 930.0 956.0 149.0 589.0 638.0 275.0 870.0 729.0 811.0 117.0 755.0 710.0 757.0 324.0 952.0 397.0 251.0 290.0 959.0 0.0 559.0 761.0 421.0 271.0 260.0 710.0 864.0 746.0 629.0 257.0 209.0 990.0 793.0 335.0 886.0 590.0 569.0 439.0 59.0 937.0 434.0 151.0 652.0 538.0 1006.0 579.0 659.0 535.0 763.0 512.0 
676.0 648.0 247.0 186.0 438.0 342.0 368.0 317.0 758.0 200.0 460.0 120.0 503.0 316.0 160.0 565.0 370.0 221.0 499.0 419.0 96.0 344.0 129.0 390.0 451.0 632.0 645.0 342.0 105.0 476.0 304.0 724.0 288.0 870.0 545.0 228.0 180.0 247.0 403.0 662.0 621.0 500.0 241.0 247.0 723.0 170.0 818.0 121.0 593.0 304.0 410.0 678.0 242.0 788.0 728.0 336.0 399.0 244.0 517.0 316.0 569.0 440.0 220.0 629.0 580.0 510.0 521.0 472.0 441.0 524.0 423.0 537.0 249.0 392.0 509.0 461.0 540.0 463.0 757.0 112.0 582.0 680.0 181.0 265.0 465.0 217.0 206.0 379.0 369.0 421.0 169.0 464.0 283.0 538.0 559.0 0.0 611.0 272.0 379.0 306.0 597.0 345.0 261.0 723.0 413.0 355.0 433.0 274.0 332.0 328.0 403.0 633.0 416.0 508.0 394.0 576.0 451.0 199.0 380.0 695.0 121.0 104.0 252.0 213.0 438.0 
370.0 439.0 432.0 796.0 328.0 820.0 690.0 696.0 370.0 550.0 781.0 727.0 933.0 639.0 525.0 279.0 899.0 391.0 228.0 932.0 529.0 845.0 578.0 773.0 663.0 141.0 83.0 280.0 662.0 145.0 560.0 369.0 843.0 523.0 331.0 829.0 790.0 627.0 281.0 105.0 195.0 788.0 467.0 605.0 380.0 738.0 370.0 575.0 373.0 366.0 804.0 407.0 465.0 386.0 354.0 843.0 690.0 639.0 162.0 371.0 490.0 949.0 808.0 603.0 549.0 540.0 661.0 140.0 607.0 870.0 624.0 185.0 377.0 786.0 106.0 476.0 400.0 790.0 388.0 547.0 535.0 111.0 721.0 776.0 759.0 574.0 502.0 312.0 835.0 622.0 568.0 510.0 570.0 409.0 761.0 611.0 0.0 416.0 505.0 677.0 57.0 886.0 850.0 298.0 508.0 623.0 829.0 535.0 459.0 739.0 218.0 264.0 326.0 753.0 876.0 369.0 615.0 446.0 260.0 297.0 730.0 660.0 365.0 612.0 254.0 
624.0 379.0 25.0 435.0 168.0 404.0 291.0 285.0 681.0 358.0 392.0 387.0 524.0 495.0 127.0 298.0 636.0 167.0 245.0 683.0 177.0 429.0 327.0 608.0 601.0 393.0 423.0 150.0 366.0 273.0 442.0 657.0 557.0 599.0 274.0 445.0 431.0 211.0 151.0 436.0 504.0 412.0 51.0 428.0 661.0 439.0 552.0 183.0 322.0 294.0 397.0 642.0 49.0 708.0 458.0 596.0 578.0 446.0 281.0 51.0 314.0 704.0 417.0 396.0 339.0 279.0 343.0 297.0 566.0 480.0 562.0 424.0 90.0 616.0 335.0 513.0 536.0 399.0 487.0 285.0 337.0 512.0 442.0 522.0 378.0 387.0 323.0 336.0 420.0 560.0 160.0 229.0 162.0 538.0 421.0 272.0 416.0 0.0 160.0 266.0 384.0 614.0 532.0 459.0 188.0 232.0 661.0 404.0 93.0 552.0 204.0 369.0 147.0 392.0 649.0 304.0 274.0 253.0 157.0 605.0 372.0 364.0 115.0 409.0 186.0 
766.0 297.0 172.0 504.0 181.0 364.0 197.0 224.0 814.0 507.0 277.0 477.0 440.0 645.0 221.0 294.0 747.0 326.0 287.0 798.0 297.0 397.0 465.0 749.0 756.0 437.0 486.0 285.0 482.0 373.0 597.0 794.0 663.0 527.0 246.0 489.0 502.0 194.0 228.0 492.0 630.0 284.0 152.0 575.0 800.0 548.0 528.0 263.0 268.0 453.0 314.0 788.0 153.0 839.0 424.0 715.0 728.0 589.0 346.0 168.0 198.0 819.0 453.0 251.0 202.0 132.0 185.0 413.0 724.0 367.0 718.0 556.0 249.0 755.0 447.0 672.0 689.0 287.0 443.0 424.0 204.0 611.0 559.0 643.0 255.0 535.0 476.0 490.0 370.0 716.0 217.0 85.0 121.0 693.0 271.0 379.0 505.0 160.0 0.0 209.0 459.0 722.0 622.0 447.0 34.0 128.0 799.0 558.0 68.0 690.0 320.0 365.0 179.0 252.0 772.0 252.0 121.0 409.0 268.0 736.0 450.0 482.0 273.0 552.0 252.0 
876.0 498.0 257.0 356.0 376.0 156.0 64.0 19.0 940.0 491.0 157.0 358.0 259.0 619.0 205.0 499.0 634.0 383.0 479.0 687.0 272.0 189.0 428.0 694.0 750.0 632.0 673.0 414.0 403.0 535.0 595.0 914.0 547.0 725.0 453.0 318.0 356.0 67.0 399.0 682.0 767.0 194.0 219.0 548.0 916.0 447.0 736.0 199.0 475.0 516.0 134.0 890.0 221.0 967.0 632.0 617.0 703.0 549.0 530.0 307.0 388.0 708.0 278.0 398.0 369.0 299.0 248.0 563.0 732.0 232.0 718.0 686.0 335.0 695.0 600.0 720.0 769.0 161.0 650.0 397.0 378.0 776.0 471.0 553.0 160.0 514.0 479.0 575.0 164.0 716.0 161.0 272.0 108.0 770.0 260.0 306.0 677.0 266.0 209.0 0.0 639.0 606.0 489.0 654.0 230.0 92.0 734.0 559.0 225.0 632.0 468.0 572.0 367.0 205.0 678.0 460.0 193.0 434.0 420.0 866.0 321.0 403.0 358.0 516.0 431.0 
423.0 383.0 401.0 781.0 280.0 785.0 649.0 658.0 426.0 555.0 736.0 715.0 892.0 653.0 499.0 223.0 902.0 381.0 177.0 937.0 510.0 812.0 576.0 787.0 688.0 89.0 52.0 258.0 656.0 122.0 575.0 424.0 842.0 473.0 276.0 809.0 776.0 592.0 241.0 73.0 248.0 741.0 435.0 614.0 434.0 733.0 327.0 551.0 316.0 375.0 764.0 459.0 432.0 442.0 301.0 847.0 709.0 647.0 114.0 336.0 435.0 955.0 787.0 547.0 494.0 488.0 610.0 139.0 633.0 825.0 648.0 227.0 355.0 800.0 117.0 508.0 441.0 745.0 336.0 543.0 480.0 166.0 719.0 779.0 714.0 580.0 507.0 331.0 799.0 647.0 540.0 460.0 532.0 449.0 710.0 597.0 57.0 384.0 459.0 639.0 0.0 888.0 843.0 249.0 461.0 581.0 844.0 548.0 418.0 750.0 195.0 208.0 281.0 705.0 884.0 313.0 567.0 445.0 230.0 352.0 715.0 654.0 346.0 618.0 210.0 
817.0 991.0 590.0 259.0 777.0 563.0 669.0 610.0 912.0 338.0 741.0 250.0 711.0 301.0 504.0 898.0 30.0 517.0 825.0 83.0 438.0 543.0 314.0 228.0 400.0 940.0 938.0 652.0 249.0 771.0 367.0 872.0 60.0 1211.0 885.0 327.0 257.0 563.0 732.0 958.0 832.0 785.0 586.0 297.0 866.0 176.0 1147.0 460.0 935.0 524.0 667.0 802.0 586.0 942.0 1062.0 67.0 323.0 260.0 829.0 654.0 914.0 103.0 361.0 969.0 923.0 851.0 846.0 750.0 435.0 779.0 404.0 759.0 573.0 216.0 781.0 545.0 661.0 739.0 1094.0 351.0 925.0 927.0 174.0 111.0 755.0 318.0 385.0 590.0 589.0 404.0 506.0 806.0 616.0 654.0 864.0 345.0 886.0 614.0 722.0 606.0 888.0 0.0 126.0 1051.0 755.0 677.0 221.0 373.0 677.0 202.0 706.0 962.0 754.0 807.0 105.0 917.0 780.0 443.0 698.0 871.0 286.0 251.0 568.0 279.0 764.0 
834.0 904.0 507.0 136.0 699.0 439.0 552.0 492.0 927.0 325.0 619.0 147.0 586.0 340.0 413.0 825.0 155.0 463.0 759.0 207.0 357.0 418.0 276.0 313.0 464.0 886.0 893.0 594.0 188.0 723.0 387.0 888.0 78.0 1128.0 805.0 202.0 135.0 452.0 663.0 911.0 823.0 664.0 497.0 309.0 883.0 114.0 1078.0 363.0 852.0 502.0 543.0 825.0 498.0 957.0 988.0 166.0 389.0 277.0 772.0 576.0 818.0 226.0 237.0 865.0 822.0 749.0 733.0 711.0 486.0 655.0 458.0 744.0 506.0 305.0 744.0 573.0 681.0 618.0 1018.0 303.0 825.0 904.0 140.0 146.0 635.0 315.0 366.0 575.0 465.0 457.0 406.0 707.0 511.0 676.0 746.0 261.0 850.0 532.0 622.0 489.0 843.0 126.0 0.0 983.0 655.0 565.0 323.0 381.0 584.0 267.0 653.0 893.0 677.0 688.0 222.0 834.0 670.0 406.0 636.0 876.0 174.0 190.0 506.0 280.0 697.0 
667.0 214.0 483.0 893.0 294.0 809.0 639.0 670.0 659.0 740.0 701.0 841.0 876.0 857.0 585.0 162.0 1070.0 537.0 227.0 1112.0 628.0 842.0 741.0 989.0 913.0 160.0 218.0 402.0 805.0 312.0 783.0 664.0 998.0 226.0 202.0 901.0 889.0 629.0 321.0 200.0 492.0 691.0 503.0 807.0 674.0 882.0 97.0 641.0 189.0 580.0 755.0 705.0 501.0 671.0 64.0 1021.0 923.0 836.0 235.0 410.0 317.0 1131.0 870.0 408.0 373.0 404.0 530.0 358.0 861.0 783.0 872.0 474.0 479.0 1000.0 353.0 745.0 687.0 711.0 93.0 702.0 357.0 384.0 877.0 949.0 673.0 769.0 693.0 554.0 816.0 870.0 612.0 402.0 557.0 695.0 629.0 723.0 298.0 459.0 447.0 654.0 249.0 1051.0 983.0 0.0 430.0 573.0 1045.0 751.0 440.0 944.0 356.0 91.0 313.0 644.0 1066.0 201.0 515.0 621.0 354.0 591.0 830.0 803.0 483.0 802.0 288.0 
783.0 270.0 202.0 536.0 181.0 384.0 210.0 244.0 827.0 538.0 281.0 510.0 450.0 676.0 255.0 282.0 781.0 354.0 286.0 831.0 331.0 418.0 498.0 782.0 787.0 432.0 484.0 303.0 516.0 381.0 627.0 809.0 696.0 499.0 231.0 519.0 534.0 222.0 237.0 488.0 642.0 282.0 185.0 607.0 815.0 581.0 508.0 296.0 247.0 479.0 326.0 805.0 185.0 851.0 403.0 749.0 760.0 621.0 348.0 189.0 167.0 852.0 482.0 218.0 168.0 98.0 165.0 424.0 753.0 368.0 748.0 570.0 276.0 788.0 456.0 698.0 711.0 290.0 421.0 457.0 171.0 616.0 593.0 677.0 256.0 567.0 507.0 513.0 388.0 746.0 250.0 52.0 151.0 715.0 257.0 413.0 508.0 188.0 34.0 230.0 461.0 755.0 655.0 430.0 0.0 144.0 832.0 589.0 96.0 723.0 334.0 352.0 183.0 245.0 806.0 232.0 108.0 438.0 282.0 749.0 483.0 515.0 300.0 585.0 257.0 
856.0 409.0 232.0 436.0 307.0 242.0 69.0 103.0 912.0 522.0 161.0 427.0 314.0 656.0 220.0 422.0 704.0 379.0 412.0 757.0 298.0 277.0 466.0 743.0 780.0 564.0 611.0 379.0 458.0 486.0 621.0 889.0 618.0 634.0 372.0 404.0 435.0 114.0 343.0 617.0 733.0 180.0 197.0 585.0 893.0 510.0 651.0 236.0 390.0 513.0 186.0 873.0 198.0 938.0 546.0 682.0 741.0 590.0 469.0 263.0 297.0 778.0 365.0 308.0 278.0 207.0 169.0 520.0 756.0 250.0 745.0 655.0 316.0 746.0 556.0 727.0 762.0 169.0 563.0 430.0 286.0 727.0 530.0 614.0 146.0 547.0 501.0 564.0 245.0 743.0 189.0 182.0 82.0 764.0 209.0 355.0 623.0 232.0 128.0 92.0 581.0 677.0 565.0 573.0 144.0 0.0 787.0 584.0 165.0 682.0 425.0 493.0 302.0 167.0 742.0 375.0 106.0 445.0 374.0 836.0 393.0 457.0 341.0 556.0 371.0 
674.0 1031.0 639.0 434.0 805.0 730.0 797.0 743.0 770.0 310.0 884.0 389.0 887.0 191.0 581.0 909.0 202.0 520.0 825.0 184.0 502.0 717.0 335.0 57.0 217.0 912.0 895.0 648.0 332.0 741.0 270.0 728.0 247.0 1234.0 909.0 510.0 429.0 679.0 744.0 917.0 730.0 925.0 649.0 241.0 720.0 297.0 1141.0 552.0 965.0 470.0 821.0 650.0 649.0 797.0 1070.0 161.0 152.0 216.0 812.0 689.0 974.0 187.0 538.0 1049.0 996.0 929.0 952.0 706.0 267.0 937.0 238.0 670.0 595.0 46.0 729.0 403.0 522.0 885.0 1104.0 377.0 995.0 844.0 267.0 193.0 892.0 281.0 355.0 517.0 757.0 238.0 601.0 881.0 714.0 514.0 990.0 433.0 829.0 661.0 799.0 734.0 844.0 221.0 323.0 1045.0 832.0 787.0 0.0 297.0 742.0 109.0 690.0 962.0 781.0 938.0 121.0 948.0 881.0 429.0 698.0 743.0 432.0 332.0 581.0 253.0 770.0 
454.0 753.0 387.0 401.0 526.0 615.0 615.0 574.0 547.0 75.0 716.0 324.0 776.0 107.0 365.0 620.0 380.0 243.0 534.0 404.0 289.0 618.0 147.0 241.0 199.0 615.0 599.0 359.0 229.0 444.0 39.0 508.0 344.0 945.0 626.0 470.0 395.0 494.0 459.0 621.0 460.0 750.0 408.0 77.0 503.0 275.0 845.0 361.0 683.0 174.0 677.0 445.0 407.0 577.0 778.0 319.0 179.0 113.0 517.0 421.0 711.0 420.0 476.0 799.0 742.0 682.0 733.0 410.0 173.0 788.0 162.0 390.0 323.0 253.0 433.0 199.0 301.0 720.0 813.0 166.0 738.0 562.0 242.0 264.0 715.0 68.0 84.0 226.0 642.0 160.0 402.0 633.0 503.0 296.0 793.0 274.0 535.0 404.0 558.0 559.0 548.0 373.0 381.0 751.0 589.0 584.0 297.0 0.0 494.0 204.0 395.0 669.0 503.0 749.0 344.0 667.0 661.0 152.0 409.0 500.0 356.0 228.0 304.0 101.0 482.0 
703.0 321.0 107.0 474.0 153.0 377.0 232.0 243.0 754.0 445.0 324.0 438.0 475.0 583.0 173.0 280.0 701.0 259.0 254.0 751.0 244.0 408.0 407.0 691.0 692.0 407.0 450.0 222.0 433.0 321.0 532.0 733.0 619.0 549.0 241.0 469.0 471.0 190.0 179.0 458.0 572.0 337.0 94.0 514.0 738.0 502.0 528.0 222.0 277.0 386.0 347.0 724.0 94.0 780.0 427.0 666.0 666.0 530.0 306.0 104.0 238.0 772.0 435.0 309.0 254.0 190.0 252.0 357.0 658.0 414.0 653.0 496.0 182.0 697.0 393.0 605.0 623.0 333.0 451.0 365.0 254.0 562.0 510.0 593.0 306.0 473.0 412.0 424.0 388.0 651.0 182.0 140.0 120.0 626.0 335.0 332.0 459.0 93.0 68.0 225.0 418.0 677.0 584.0 440.0 96.0 165.0 742.0 494.0 0.0 633.0 263.0 354.0 142.0 311.0 722.0 260.0 186.0 343.0 211.0 677.0 416.0 432.0 206.0 493.0 208.0 
624.0 923.0 531.0 354.0 698.0 638.0 694.0 642.0 720.0 205.0 784.0 299.0 798.0 108.0 473.0 804.0 197.0 414.0 722.0 208.0 394.0 629.0 227.0 63.0 201.0 815.0 801.0 544.0 230.0 643.0 185.0 678.0 200.0 1128.0 803.0 432.0 349.0 575.0 638.0 823.0 657.0 824.0 540.0 138.0 672.0 210.0 1039.0 446.0 858.0 375.0 725.0 606.0 540.0 749.0 966.0 137.0 125.0 109.0 712.0 581.0 865.0 221.0 455.0 940.0 887.0 821.0 845.0 612.0 234.0 841.0 203.0 591.0 487.0 65.0 636.0 350.0 468.0 785.0 1000.0 268.0 886.0 764.0 174.0 121.0 791.0 176.0 252.0 429.0 666.0 203.0 494.0 772.0 607.0 461.0 886.0 328.0 739.0 552.0 690.0 632.0 750.0 202.0 267.0 944.0 723.0 682.0 109.0 204.0 633.0 0.0 588.0 859.0 674.0 835.0 143.0 841.0 774.0 324.0 593.0 683.0 341.0 230.0 474.0 145.0 665.0 
451.0 382.0 216.0 587.0 178.0 606.0 489.0 487.0 494.0 386.0 586.0 522.0 726.0 502.0 308.0 230.0 723.0 191.0 142.0 762.0 316.0 629.0 393.0 633.0 567.0 234.0 242.0 63.0 468.0 75.0 429.0 476.0 657.0 553.0 250.0 615.0 581.0 414.0 103.0 260.0 310.0 599.0 253.0 451.0 482.0 545.0 452.0 358.0 308.0 228.0 599.0 477.0 251.0 519.0 383.0 671.0 570.0 481.0 125.0 164.0 379.0 781.0 593.0 488.0 428.0 394.0 497.0 95.0 518.0 675.0 525.0 237.0 161.0 644.0 132.0 420.0 400.0 594.0 419.0 357.0 418.0 309.0 534.0 600.0 568.0 413.0 338.0 220.0 622.0 523.0 351.0 352.0 363.0 405.0 590.0 403.0 218.0 204.0 320.0 468.0 195.0 706.0 653.0 356.0 334.0 425.0 690.0 395.0 263.0 588.0 0.0 275.0 162.0 572.0 713.0 295.0 439.0 268.0 53.0 417.0 521.0 466.0 152.0 448.0 104.0 
628.0 183.0 392.0 803.0 205.0 727.0 561.0 588.0 633.0 655.0 629.0 751.0 801.0 775.0 495.0 74.0 982.0 450.0 139.0 1024.0 537.0 759.0 653.0 906.0 838.0 128.0 195.0 316.0 715.0 240.0 703.0 632.0 909.0 284.0 122.0 812.0 799.0 543.0 231.0 185.0 455.0 622.0 413.0 723.0 642.0 792.0 186.0 551.0 131.0 501.0 677.0 664.0 411.0 648.0 110.0 933.0 844.0 751.0 159.0 320.0 263.0 1044.0 781.0 367.0 322.0 340.0 468.0 291.0 787.0 713.0 797.0 423.0 389.0 917.0 294.0 677.0 630.0 639.0 146.0 613.0 307.0 365.0 788.0 861.0 602.0 684.0 608.0 482.0 734.0 795.0 522.0 330.0 471.0 638.0 569.0 633.0 264.0 369.0 365.0 572.0 208.0 962.0 893.0 91.0 352.0 493.0 962.0 669.0 354.0 859.0 275.0 0.0 223.0 578.0 979.0 136.0 444.0 536.0 267.0 560.0 739.0 714.0 395.0 717.0 199.0 
612.0 251.0 171.0 582.0 24.0 519.0 370.0 385.0 650.0 472.0 456.0 533.0 614.0 604.0 273.0 151.0 775.0 262.0 112.0 821.0 321.0 549.0 455.0 727.0 691.0 265.0 310.0 155.0 505.0 200.0 540.0 635.0 699.0 459.0 131.0 589.0 578.0 329.0 60.0 317.0 463.0 462.0 191.0 542.0 641.0 581.0 406.0 328.0 185.0 356.0 486.0 638.0 189.0 673.0 312.0 732.0 681.0 565.0 168.0 101.0 222.0 841.0 559.0 327.0 267.0 233.0 342.0 246.0 648.0 545.0 650.0 396.0 187.0 735.0 276.0 567.0 559.0 465.0 341.0 413.0 258.0 434.0 581.0 658.0 434.0 501.0 430.0 370.0 530.0 648.0 300.0 193.0 261.0 564.0 439.0 416.0 326.0 147.0 179.0 367.0 281.0 754.0 677.0 313.0 183.0 302.0 781.0 503.0 142.0 674.0 162.0 223.0 0.0 428.0 782.0 168.0 291.0 355.0 116.0 572.0 519.0 504.0 201.0 529.0 74.0 
1013.0 447.0 394.0 553.0 425.0 282.0 142.0 198.0 1064.0 685.0 86.0 562.0 256.0 816.0 385.0 515.0 836.0 544.0 530.0 889.0 461.0 317.0 626.0 897.0 944.0 672.0 727.0 532.0 607.0 624.0 786.0 1044.0 749.0 649.0 459.0 504.0 554.0 262.0 479.0 730.0 881.0 51.0 361.0 745.0 1048.0 651.0 707.0 394.0 456.0 678.0 174.0 1033.0 363.0 1090.0 604.0 821.0 901.0 749.0 592.0 414.0 331.0 910.0 463.0 282.0 285.0 241.0 119.0 665.0 921.0 143.0 910.0 807.0 479.0 899.0 698.0 893.0 926.0 93.0 612.0 591.0 299.0 861.0 675.0 757.0 59.0 709.0 667.0 726.0 267.0 908.0 349.0 251.0 248.0 928.0 59.0 508.0 753.0 392.0 252.0 205.0 705.0 807.0 688.0 644.0 245.0 167.0 938.0 749.0 311.0 835.0 572.0 578.0 428.0 0.0 882.0 445.0 139.0 612.0 519.0 987.0 523.0 607.0 504.0 715.0 501.0 
764.0 1027.0 626.0 348.0 806.0 652.0 742.0 684.0 860.0 329.0 820.0 321.0 804.0 251.0 552.0 920.0 83.0 530.0 841.0 68.0 478.0 634.0 328.0 144.0 322.0 944.0 935.0 664.0 290.0 772.0 327.0 819.0 145.0 1240.0 913.0 420.0 345.0 630.0 753.0 956.0 799.0 864.0 628.0 272.0 812.0 233.0 1162.0 514.0 966.0 510.0 751.0 745.0 629.0 889.0 1083.0 62.0 248.0 237.0 837.0 685.0 958.0 79.0 452.0 1022.0 973.0 903.0 910.0 745.0 365.0 865.0 335.0 732.0 596.0 129.0 772.0 490.0 609.0 820.0 1116.0 369.0 974.0 905.0 214.0 130.0 832.0 304.0 378.0 569.0 679.0 334.0 562.0 856.0 675.0 601.0 937.0 394.0 876.0 649.0 772.0 678.0 884.0 105.0 222.0 1066.0 806.0 742.0 121.0 344.0 722.0 143.0 713.0 979.0 782.0 882.0 0.0 948.0 842.0 446.0 712.0 826.0 361.0 291.0 587.0 267.0 782.0 
713.0 88.0 329.0 731.0 144.0 615.0 441.0 475.0 732.0 639.0 500.0 689.0 676.0 770.0 423.0 90.0 940.0 429.0 163.0 986.0 481.0 649.0 622.0 894.0 852.0 250.0 315.0 311.0 669.0 295.0 704.0 725.0 861.0 295.0 46.0 728.0 727.0 442.0 210.0 310.0 546.0 491.0 338.0 709.0 734.0 743.0 277.0 477.0 18.0 513.0 555.0 745.0 337.0 751.0 172.0 897.0 846.0 733.0 222.0 265.0 129.0 1006.0 694.0 237.0 188.0 206.0 333.0 350.0 807.0 583.0 811.0 498.0 355.0 903.0 366.0 714.0 689.0 510.0 193.0 580.0 173.0 478.0 745.0 824.0 472.0 668.0 596.0 514.0 619.0 809.0 440.0 201.0 368.0 695.0 434.0 576.0 369.0 304.0 252.0 460.0 313.0 917.0 834.0 201.0 232.0 375.0 948.0 667.0 260.0 841.0 295.0 136.0 168.0 445.0 948.0 0.0 314.0 521.0 264.0 656.0 670.0 667.0 368.0 697.0 193.0 
886.0 329.0 283.0 541.0 287.0 330.0 147.0 200.0 933.0 603.0 186.0 530.0 364.0 740.0 303.0 378.0 807.0 437.0 391.0 859.0 383.0 367.0 553.0 835.0 859.0 534.0 589.0 405.0 555.0 489.0 699.0 914.0 721.0 547.0 323.0 509.0 540.0 218.0 344.0 592.0 748.0 179.0 255.0 669.0 919.0 611.0 585.0 330.0 326.0 568.0 249.0 908.0 257.0 958.0 480.0 782.0 825.0 678.0 454.0 288.0 213.0 880.0 469.0 205.0 182.0 118.0 73.0 531.0 829.0 269.0 822.0 676.0 364.0 839.0 564.0 786.0 808.0 197.0 492.0 515.0 192.0 723.0 629.0 713.0 158.0 630.0 578.0 609.0 327.0 820.0 282.0 115.0 168.0 811.0 151.0 451.0 615.0 274.0 121.0 193.0 567.0 780.0 670.0 515.0 108.0 106.0 881.0 661.0 186.0 774.0 439.0 444.0 291.0 139.0 842.0 314.0 0.0 515.0 387.0 855.0 497.0 554.0 389.0 643.0 364.0 
479.0 605.0 237.0 374.0 379.0 516.0 484.0 450.0 560.0 120.0 587.0 298.0 670.0 250.0 230.0 480.0 458.0 93.0 398.0 496.0 167.0 526.0 132.0 374.0 349.0 499.0 496.0 221.0 220.0 329.0 190.0 526.0 398.0 805.0 481.0 426.0 368.0 367.0 315.0 516.0 426.0 618.0 260.0 189.0 525.0 294.0 717.0 243.0 538.0 106.0 560.0 483.0 259.0 590.0 642.0 405.0 329.0 216.0 392.0 269.0 560.0 514.0 419.0 648.0 590.0 531.0 586.0 308.0 316.0 666.0 310.0 344.0 172.0 384.0 340.0 287.0 348.0 592.0 676.0 106.0 586.0 499.0 276.0 335.0 583.0 149.0 75.0 181.0 541.0 308.0 274.0 481.0 364.0 347.0 652.0 199.0 446.0 253.0 409.0 434.0 445.0 443.0 406.0 621.0 438.0 445.0 429.0 152.0 343.0 324.0 268.0 536.0 355.0 612.0 446.0 521.0 515.0 0.0 270.0 497.0 313.0 218.0 154.0 182.0 341.0 
502.0 351.0 172.0 561.0 135.0 560.0 438.0 438.0 547.0 389.0 534.0 500.0 677.0 513.0 270.0 212.0 717.0 183.0 129.0 758.0 288.0 585.0 387.0 642.0 589.0 253.0 273.0 50.0 454.0 116.0 444.0 528.0 647.0 537.0 220.0 583.0 555.0 368.0 58.0 287.0 362.0 547.0 207.0 457.0 534.0 532.0 451.0 323.0 279.0 250.0 549.0 527.0 205.0 571.0 373.0 667.0 586.0 485.0 137.0 113.0 336.0 777.0 559.0 442.0 382.0 345.0 446.0 147.0 543.0 623.0 548.0 289.0 132.0 652.0 183.0 455.0 444.0 542.0 407.0 348.0 373.0 357.0 524.0 595.0 516.0 418.0 343.0 256.0 576.0 546.0 310.0 302.0 313.0 449.0 538.0 380.0 260.0 157.0 268.0 420.0 230.0 698.0 636.0 354.0 282.0 374.0 698.0 409.0 211.0 593.0 53.0 267.0 116.0 519.0 712.0 264.0 387.0 270.0 0.0 469.0 495.0 452.0 131.0 450.0 74.0 
94.0 732.0 610.0 868.0 582.0 985.0 896.0 884.0 79.0 551.0 996.0 790.0 1123.0 576.0 675.0 567.0 874.0 498.0 499.0 891.0 643.0 1002.0 609.0 694.0 536.0 437.0 374.0 457.0 703.0 375.0 505.0 74.0 844.0 815.0 614.0 922.0 862.0 804.0 514.0 391.0 111.0 1013.0 648.0 576.0 85.0 765.0 652.0 711.0 662.0 392.0 999.0 134.0 646.0 103.0 649.0 812.0 591.0 612.0 436.0 575.0 769.0 904.0 914.0 882.0 824.0 803.0 912.0 326.0 480.0 1085.0 507.0 182.0 531.0 709.0 298.0 340.0 223.0 1004.0 682.0 597.0 812.0 211.0 736.0 763.0 980.0 562.0 515.0 317.0 1006.0 506.0 723.0 765.0 766.0 231.0 1006.0 695.0 297.0 605.0 736.0 866.0 352.0 871.0 876.0 591.0 749.0 836.0 743.0 500.0 677.0 683.0 417.0 560.0 572.0 987.0 826.0 656.0 855.0 497.0 469.0 0.0 809.0 701.0 509.0 599.0 501.0 
785.0 736.0 348.0 66.0 539.0 299.0 384.0 325.0 870.0 283.0 460.0 43.0 458.0 366.0 248.0 669.0 314.0 341.0 610.0 367.0 207.0 288.0 212.0 401.0 504.0 747.0 763.0 459.0 130.0 594.0 378.0 834.0 227.0 963.0 644.0 116.0 61.0 279.0 513.0 779.0 738.0 503.0 333.0 307.0 832.0 135.0 924.0 194.0 688.0 418.0 392.0 784.0 334.0 900.0 830.0 300.0 440.0 290.0 632.0 420.0 647.0 388.0 122.0 691.0 649.0 576.0 561.0 592.0 507.0 507.0 484.0 655.0 364.0 399.0 629.0 552.0 642.0 459.0 857.0 214.0 653.0 800.0 168.0 242.0 472.0 290.0 304.0 494.0 326.0 482.0 235.0 534.0 338.0 639.0 579.0 121.0 730.0 372.0 450.0 321.0 715.0 286.0 174.0 830.0 483.0 393.0 432.0 356.0 416.0 341.0 521.0 739.0 519.0 523.0 361.0 670.0 497.0 313.0 495.0 809.0 0.0 131.0 370.0 271.0 548.0 
669.0 743.0 340.0 175.0 527.0 416.0 466.0 413.0 757.0 158.0 555.0 97.0 578.0 238.0 261.0 649.0 273.0 275.0 577.0 320.0 189.0 411.0 93.0 292.0 376.0 699.0 704.0 408.0 2.0 534.0 248.0 720.0 196.0 961.0 634.0 244.0 168.0 348.0 483.0 723.0 640.0 596.0 339.0 177.0 717.0 80.0 899.0 224.0 685.0 317.0 498.0 665.0 340.0 787.0 813.0 235.0 315.0 161.0 586.0 404.0 669.0 341.0 253.0 732.0 682.0 612.0 624.0 521.0 376.0 613.0 354.0 559.0 325.0 293.0 555.0 426.0 521.0 556.0 844.0 114.0 683.0 716.0 79.0 162.0 562.0 160.0 187.0 392.0 444.0 352.0 273.0 566.0 387.0 517.0 659.0 104.0 660.0 364.0 482.0 403.0 654.0 251.0 190.0 803.0 515.0 457.0 332.0 228.0 432.0 230.0 466.0 714.0 504.0 607.0 291.0 667.0 554.0 218.0 452.0 701.0 131.0 0.0 321.0 140.0 516.0 
519.0 452.0 110.0 435.0 225.0 479.0 394.0 377.0 582.0 271.0 497.0 371.0 614.0 404.0 170.0 334.0 587.0 62.0 257.0 630.0 165.0 498.0 260.0 526.0 498.0 381.0 393.0 90.0 323.0 225.0 342.0 556.0 516.0 655.0 329.0 465.0 430.0 296.0 167.0 410.0 414.0 520.0 145.0 342.0 558.0 401.0 580.0 214.0 385.0 180.0 491.0 534.0 143.0 610.0 497.0 539.0 482.0 365.0 266.0 118.0 408.0 650.0 444.0 500.0 441.0 387.0 458.0 230.0 459.0 583.0 457.0 331.0 26.0 535.0 268.0 399.0 423.0 504.0 530.0 219.0 436.0 446.0 394.0 467.0 486.0 301.0 229.0 223.0 498.0 456.0 217.0 338.0 264.0 425.0 535.0 252.0 365.0 115.0 273.0 358.0 346.0 568.0 506.0 483.0 300.0 341.0 581.0 304.0 206.0 474.0 152.0 395.0 201.0 504.0 587.0 368.0 389.0 154.0 131.0 509.0 370.0 321.0 0.0 330.0 197.0 
555.0 779.0 389.0 309.0 553.0 550.0 577.0 529.0 647.0 63.0 672.0 235.0 712.0 103.0 340.0 660.0 289.0 270.0 579.0 320.0 260.0 547.0 91.0 200.0 240.0 678.0 669.0 401.0 141.0 506.0 112.0 608.0 246.0 984.0 658.0 382.0 303.0 455.0 494.0 690.0 554.0 710.0 401.0 37.0 604.0 176.0 898.0 322.0 714.0 247.0 623.0 546.0 400.0 678.0 823.0 231.0 187.0 37.0 572.0 437.0 723.0 338.0 392.0 801.0 746.0 682.0 715.0 479.0 237.0 737.0 215.0 480.0 343.0 207.0 507.0 296.0 401.0 675.0 856.0 129.0 745.0 649.0 142.0 168.0 675.0 40.0 112.0 311.0 578.0 213.0 368.0 632.0 478.0 396.0 763.0 213.0 612.0 409.0 552.0 516.0 618.0 279.0 280.0 802.0 585.0 556.0 253.0 101.0 493.0 145.0 448.0 717.0 529.0 715.0 267.0 697.0 643.0 182.0 450.0 599.0 271.0 140.0 330.0 0.0 522.0 
545.0 281.0 207.0 613.0 82.0 579.0 439.0 449.0 579.0 461.0 528.0 557.0 683.0 586.0 311.0 139.0 784.0 253.0 62.0 826.0 343.0 607.0 456.0 714.0 662.0 207.0 243.0 123.0 518.0 127.0 517.0 565.0 711.0 464.0 149.0 629.0 608.0 387.0 36.0 253.0 391.0 535.0 236.0 530.0 572.0 595.0 384.0 366.0 208.0 322.0 554.0 573.0 234.0 602.0 302.0 736.0 659.0 556.0 99.0 136.0 278.0 846.0 601.0 388.0 329.0 302.0 415.0 176.0 615.0 617.0 620.0 328.0 192.0 724.0 204.0 522.0 502.0 537.0 335.0 416.0 318.0 360.0 590.0 663.0 506.0 490.0 415.0 322.0 592.0 618.0 345.0 265.0 324.0 507.0 512.0 438.0 254.0 186.0 252.0 431.0 210.0 764.0 697.0 288.0 257.0 371.0 770.0 482.0 208.0 665.0 104.0 199.0 74.0 501.0 782.0 193.0 364.0 341.0 74.0 501.0 548.0 516.0 197.0 522.0 0.0 
