125 0.0 5
1 726 580
2 625 394
3 657 990
4 484 595
5 949 207
6 911 570
7 578 521
8 323 508
9 17 452
10 5 381
11 744 458
12 393 800
13 558 94
14 775 4
15 400 446
16 663 845
17 917 217
18 460 770
19 973 581
20 691 81
21 978 18
22 93 935
23 910 759
24 807 440
25 127 361
26 811 101
27 136 475
28 565 618
29 708 496
30 359 637
31 765 973
32 848 217
33 367 944
34 668 737
35 108 400
36 130 226
37 440 332
38 57 666
39 521 867
40 385 711
41 469 745
42 443 179
43 754 32
44 185 971
45 917 890
46 307 942
47 29 684
48 796 530
49 338 407
50 535 489
51 553 327
52 135 533
53 994 977
54 606 751
55 470 216
56 836 832
57 75 362
58 659 90
59 914 299
60 912 339
61 907 321
62 59 443
63 294 615
64 689 755
65 882 663
66 164 343
67 800 930
68 281 817
69 346 455
70 695 714
71 704 553
72 947 857
73 518 625
74 658 292
75 811 973
76 737 275
77 63 546
78 767 303
79 113 52
80 404 862
81 822 201
82 898 244
83 317 866
84 166 932
85 796 259
86 670 66
87 667 270
88 796 758
89 70 941
90 767 417
91 78 405
92 868 604
93 585 601
94 827 82
95 714 62
96 149 499
97 310 474
98 66 968
99 949 48
100 471 146
101 769 508
102 962 894
103 167 512
104 481 711
105 943 188
106 673 512
107 289 671
108 249 230
109 26 108
110 703 968
111 183 744
112 650 149
113 569 137
114 995 291
115 707 970
116 407 42
117 791 258
118 862 284
119 773 324
120 808 782
121 481 538
122 497 457
123 451 545
124 927 4
125 328 275
opening costs
751 696 993 297 523 665 138 399 723 942 565 424 663 115 682 534 440 317 946 573 133 709 926 715 754 700 548 408 560 425 97 290 345 204 685 997 90 329 777 528 970 762 991 750 678 232 653 902 388 103 550 52 385 213 281 509 65 868 547 749 586 641 636 466 722 35 711 702 159 60 656 148 706 969 170 689 78 106 852 201 714 277 146 503 847 235 262 222 545 404 51 422 891 795 505 909 641 130 589 289 738 210 223 24 361 760 156 393 515 650 275 98 779 153 574 989 569 536 966 83 294 66 809 331 295 
star costs
0.0 212.0 416.0 243.0 435.0 186.0 160.0 410.0 721.0 748.0 124.0 400.0 515.0 579.0 353.0 273.0 411.0 327.0 248.0 501.0 616.0 726.0 257.0 162.0 638.0 487.0 600.0 166.0 86.0 372.0 395.0 383.0 512.0 168.0 644.0 694.0 379.0 675.0 353.0 366.0 306.0 491.0 549.0 668.0 365.0 554.0 705.0 87.0 425.0 212.0 307.0 593.0 479.0 209.0 446.0 275.0 687.0 495.0 339.0 305.0 316.0 681.0 434.0 179.0 177.0 610.0 358.0 505.0 401.0 138.0 35.0 355.0 213.0 296.0 403.0 306.0 664.0 281.0 810.0 429.0 391.0 378.0 500.0 662.0 329.0 518.0 316.0 192.0 749.0 169.0 672.0 145.0 143.0 509.0 519.0 583.0 430.0 766.0 577.0 504.0 84.0 393.0 564.0 278.0 449.0 87.0 447.0 592.0 845.0 389.0 568.0 438.0 470.0 395.0 391.0 626.0 329.0 326.0 261.0 219.0 249.0 260.0 278.0 611.0 502.0 
212.0 0.0 597.0 246.0 375.0 336.0 136.0 323.0 611.0 621.0 136.0 468.0 308.0 418.0 231.0 453.0 342.0 411.0 396.0 320.0 516.0 759.0 464.0 188.0 500.0 348.0 496.0 232.0 132.0 361.0 596.0 285.0 608.0 346.0 518.0 523.0 196.0 630.0 485.0 398.0 385.0 282.0 385.0 726.0 576.0 634.0 663.0 219.0 288.0 131.0 99.0 510.0 690.0 358.0 237.0 487.0 551.0 306.0 305.0 293.0 292.0 569.0 398.0 367.0 373.0 464.0 564.0 546.0 286.0 328.0 178.0 564.0 255.0 108.0 609.0 164.0 583.0 169.0 616.0 518.0 276.0 312.0 564.0 708.0 218.0 332.0 131.0 403.0 780.0 144.0 548.0 322.0 211.0 372.0 344.0 488.0 325.0 802.0 475.0 292.0 184.0 603.0 473.0 349.0 379.0 128.0 436.0 411.0 664.0 580.0 564.0 247.0 264.0 385.0 582.0 415.0 215.0 262.0 164.0 429.0 204.0 143.0 231.0 494.0 320.0 
416.0 597.0 0.0 432.0 836.0 491.0 476.0 587.0 837.0 893.0 540.0 326.0 902.0 994.0 602.0 146.0 816.0 296.0 517.0 910.0 1024.0 567.0 343.0 571.0 823.0 903.0 733.0 384.0 497.0 462.0 110.0 797.0 294.0 254.0 806.0 929.0 693.0 682.0 184.0 390.0 309.0 839.0 963.0 473.0 279.0 354.0 699.0 481.0 665.0 516.0 672.0 694.0 338.0 245.0 797.0 239.0 857.0 901.0 738.0 700.0 715.0 811.0 522.0 238.0 397.0 814.0 156.0 414.0 619.0 279.0 440.0 320.0 391.0 699.0 155.0 720.0 742.0 696.0 1085.0 284.0 807.0 784.0 362.0 495.0 745.0 925.0 721.0 271.0 590.0 584.0 824.0 440.0 396.0 924.0 930.0 707.0 622.0 592.0 987.0 865.0 495.0 320.0 685.0 330.0 852.0 479.0 488.0 863.0 1085.0 51.0 535.0 842.0 858.0 777.0 54.0 981.0 745.0 736.0 677.0 258.0 486.0 557.0 491.0 1023.0 788.0 
243.0 246.0 432.0 0.0 606.0 428.0 120.0 184.0 489.0 525.0 294.0 225.0 507.0 659.0 172.0 308.0 575.0 177.0 490.0 555.0 760.0 519.0 457.0 359.0 427.0 593.0 369.0 85.0 245.0 132.0 472.0 525.0 369.0 233.0 424.0 512.0 267.0 433.0 275.0 153.0 151.0 419.0 625.0 481.0 524.0 390.0 464.0 319.0 239.0 118.0 277.0 355.0 638.0 199.0 380.0 425.0 471.0 535.0 523.0 499.0 504.0 452.0 192.0 261.0 404.0 408.0 461.0 301.0 197.0 243.0 224.0 532.0 46.0 350.0 500.0 408.0 424.0 407.0 658.0 279.0 520.0 543.0 319.0 464.0 459.0 561.0 373.0 353.0 540.0 335.0 449.0 385.0 102.0 618.0 581.0 349.0 212.0 561.0 718.0 450.0 298.0 564.0 328.0 117.0 614.0 207.0 210.0 435.0 669.0 433.0 336.0 476.0 466.0 595.0 437.0 559.0 456.0 490.0 397.0 375.0 58.0 139.0 60.0 739.0 356.0 
435.0 375.0 836.0 606.0 0.0 365.0 487.0 695.0 964.0 960.0 325.0 813.0 408.0 268.0 599.0 700.0 34.0 746.0 375.0 288.0 192.0 1124.0 554.0 273.0 837.0 175.0 857.0 563.0 377.0 731.0 788.0 102.0 940.0 600.0 863.0 820.0 525.0 1004.0 787.0 757.0 722.0 507.0 263.0 1081.0 684.0 976.0 1037.0 358.0 643.0 501.0 414.0 877.0 772.0 644.0 480.0 636.0 888.0 313.0 99.0 138.0 122.0 921.0 772.0 607.0 461.0 797.0 739.0 905.0 653.0 568.0 424.0 651.0 601.0 304.0 779.0 223.0 949.0 206.0 851.0 853.0 128.0 64.0 914.0 1068.0 162.0 313.0 289.0 572.0 1146.0 278.0 894.0 406.0 537.0 175.0 277.0 852.0 693.0 1166.0 159.0 482.0 351.0 688.0 840.0 688.0 20.0 412.0 807.0 701.0 929.0 800.0 936.0 305.0 387.0 96.0 801.0 567.0 167.0 117.0 212.0 593.0 574.0 517.0 602.0 205.0 625.0 
186.0 336.0 491.0 428.0 365.0 0.0 337.0 592.0 902.0 926.0 202.0 567.0 593.0 583.0 526.0 371.0 354.0 494.0 63.0 537.0 557.0 896.0 190.0 167.0 812.0 480.0 781.0 350.0 217.0 557.0 429.0 359.0 661.0 295.0 821.0 854.0 528.0 860.0 491.0 545.0 476.0 610.0 561.0 830.0 321.0 710.0 890.0 122.0 596.0 385.0 433.0 777.0 416.0 355.0 566.0 273.0 862.0 543.0 272.0 232.0 250.0 862.0 619.0 289.0 98.0 781.0 377.0 677.0 577.0 260.0 208.0 290.0 397.0 376.0 416.0 343.0 849.0 304.0 952.0 586.0 380.0 327.0 664.0 829.0 332.0 559.0 387.0 221.0 920.0 211.0 850.0 55.0 328.0 496.0 545.0 766.0 609.0 935.0 524.0 612.0 155.0 328.0 747.0 453.0 384.0 245.0 631.0 745.0 999.0 450.0 749.0 496.0 552.0 292.0 450.0 730.0 335.0 291.0 283.0 236.0 432.0 430.0 461.0 567.0 654.0 
160.0 136.0 476.0 120.0 487.0 337.0 0.0 256.0 566.0 590.0 178.0 335.0 428.0 554.0 194.0 335.0 456.0 276.0 400.0 455.0 643.0 638.0 409.0 243.0 479.0 481.0 445.0 98.0 133.0 248.0 490.0 407.0 473.0 234.0 486.0 537.0 235.0 541.0 351.0 271.0 250.0 368.0 520.0 598.0 502.0 501.0 573.0 219.0 266.0 54.0 196.0 444.0 618.0 232.0 324.0 405.0 528.0 439.0 403.0 381.0 386.0 525.0 300.0 259.0 336.0 451.0 466.0 420.0 242.0 226.0 130.0 500.0 121.0 243.0 509.0 293.0 516.0 289.0 661.0 383.0 403.0 424.0 433.0 582.0 341.0 465.0 267.0 323.0 660.0 216.0 514.0 302.0 81.0 505.0 479.0 430.0 273.0 680.0 602.0 390.0 192.0 536.0 412.0 214.0 495.0 96.0 326.0 440.0 690.0 465.0 454.0 379.0 385.0 477.0 468.0 509.0 339.0 370.0 278.0 348.0 99.0 104.0 130.0 624.0 351.0 
410.0 323.0 587.0 184.0 695.0 592.0 256.0 0.0 312.0 343.0 424.0 301.0 477.0 677.0 99.0 479.0 662.0 296.0 655.0 564.0 819.0 486.0 639.0 489.0 245.0 636.0 190.0 266.0 386.0 134.0 642.0 601.0 439.0 415.0 241.0 342.0 212.0 310.0 410.0 213.0 279.0 351.0 643.0 484.0 707.0 435.0 343.0 474.0 103.0 213.0 293.0 190.0 819.0 374.0 327.0 607.0 288.0 537.0 627.0 613.0 614.0 272.0 111.0 442.0 581.0 230.0 637.0 312.0 58.0 426.0 384.0 715.0 228.0 399.0 675.0 476.0 263.0 490.0 503.0 364.0 586.0 633.0 359.0 453.0 535.0 562.0 419.0 536.0 502.0 454.0 266.0 554.0 279.0 660.0 594.0 175.0 37.0 527.0 777.0 392.0 446.0 747.0 157.0 258.0 698.0 351.0 167.0 288.0 499.0 597.0 275.0 486.0 446.0 707.0 601.0 474.0 531.0 584.0 487.0 558.0 161.0 182.0 134.0 787.0 234.0 
721.0 611.0 837.0 489.0 964.0 902.0 566.0 312.0 0.0 73.0 728.0 513.0 649.0 881.0 384.0 757.0 931.0 546.0 965.0 770.0 1055.0 489.0 945.0 791.0 143.0 869.0 122.0 573.0 693.0 389.0 912.0 864.0 604.0 711.0 105.0 253.0 440.0 218.0 653.0 451.0 539.0 506.0 849.0 546.0 1001.0 570.0 233.0 783.0 325.0 520.0 551.0 144.0 1110.0 661.0 511.0 903.0 108.0 738.0 910.0 903.0 900.0 43.0 322.0 738.0 891.0 184.0 918.0 451.0 330.0 727.0 695.0 1015.0 531.0 661.0 950.0 742.0 105.0 765.0 412.0 564.0 844.0 906.0 512.0 503.0 803.0 759.0 675.0 837.0 492.0 751.0 78.0 865.0 588.0 891.0 799.0 141.0 294.0 519.0 1016.0 548.0 755.0 1044.0 162.0 532.0 963.0 659.0 350.0 322.0 345.0 859.0 336.0 702.0 636.0 992.0 863.0 566.0 798.0 862.0 767.0 858.0 472.0 481.0 444.0 1015.0 358.0 
748.0 621.0 893.0 525.0 960.0 926.0 590.0 343.0 73.0 0.0 744.0 572.0 624.0 858.0 401.0 806.0 927.0 599.0 989.0 749.0 1039.0 561.0 981.0 805.0 124.0 854.0 162.0 609.0 713.0 437.0 964.0 859.0 670.0 753.0 105.0 200.0 438.0 290.0 709.0 504.0 590.0 483.0 827.0 617.0 1045.0 638.0 304.0 805.0 335.0 541.0 551.0 201.0 1155.0 706.0 494.0 946.0 73.0 716.0 913.0 908.0 904.0 83.0 372.0 780.0 922.0 164.0 967.0 517.0 349.0 767.0 720.0 1056.0 569.0 660.0 1001.0 740.0 175.0 766.0 347.0 625.0 837.0 904.0 577.0 575.0 801.0 736.0 672.0 877.0 564.0 763.0 77.0 892.0 621.0 875.0 778.0 187.0 319.0 591.0 1002.0 522.0 775.0 1086.0 209.0 580.0 958.0 681.0 406.0 287.0 274.0 913.0 405.0 686.0 615.0 995.0 917.0 526.0 796.0 863.0 771.0 898.0 502.0 498.0 476.0 997.0 340.0 
124.0 136.0 540.0 294.0 325.0 202.0 178.0 424.0 728.0 744.0 0.0 491.0 409.0 456.0 345.0 396.0 297.0 422.0 260.0 381.0 499.0 808.0 344.0 66.0 625.0 364.0 609.0 241.0 53.0 425.0 516.0 263.0 616.0 290.0 639.0 657.0 330.0 718.0 466.0 440.0 398.0 411.0 427.0 759.0 466.0 653.0 750.0 89.0 410.0 212.0 232.0 614.0 577.0 324.0 366.0 386.0 676.0 378.0 233.0 206.0 213.0 686.0 477.0 303.0 248.0 592.0 476.0 586.0 399.0 261.0 104.0 448.0 282.0 187.0 520.0 184.0 687.0 157.0 751.0 529.0 269.0 264.0 591.0 748.0 206.0 399.0 204.0 305.0 830.0 48.0 669.0 192.0 214.0 386.0 398.0 597.0 435.0 849.0 459.0 415.0 56.0 488.0 580.0 365.0 336.0 90.0 503.0 545.0 799.0 512.0 630.0 323.0 366.0 302.0 514.0 536.0 206.0 211.0 138.0 331.0 275.0 248.0 306.0 490.0 455.0 
400.0 468.0 326.0 225.0 813.0 567.0 335.0 301.0 513.0 572.0 491.0 0.0 726.0 883.0 355.0 274.0 784.0 74.0 620.0 779.0 977.0 329.0 519.0 549.0 514.0 815.0 415.0 251.0 438.0 167.0 411.0 740.0 147.0 283.0 492.0 632.0 471.0 362.0 145.0 90.0 94.0 624.0 849.0 270.0 532.0 167.0 383.0 486.0 397.0 342.0 500.0 372.0 627.0 219.0 590.0 445.0 542.0 759.0 723.0 695.0 703.0 489.0 210.0 300.0 508.0 512.0 428.0 114.0 349.0 315.0 398.0 557.0 216.0 573.0 453.0 628.0 417.0 623.0 799.0 63.0 737.0 752.0 101.0 263.0 675.0 785.0 597.0 406.0 353.0 536.0 506.0 514.0 277.0 839.0 805.0 388.0 337.0 368.0 936.0 659.0 477.0 577.0 367.0 126.0 823.0 402.0 166.0 588.0 784.0 353.0 218.0 700.0 686.0 789.0 358.0 759.0 673.0 698.0 610.0 416.0 277.0 359.0 262.0 959.0 530.0 
515.0 308.0 902.0 507.0 408.0 593.0 428.0 477.0 649.0 624.0 409.0 726.0 0.0 235.0 386.0 759.0 380.0 684.0 640.0 134.0 427.0 961.0 753.0 427.0 508.0 254.0 569.0 525.0 430.0 579.0 904.0 316.0 872.0 653.0 545.0 448.0 266.0 761.0 774.0 641.0 658.0 144.0 206.0 954.0 874.0 885.0 793.0 497.0 383.0 396.0 234.0 610.0 985.0 659.0 151.0 789.0 553.0 102.0 411.0 431.0 417.0 609.0 585.0 674.0 655.0 467.0 871.0 775.0 419.0 635.0 482.0 857.0 533.0 222.0 915.0 255.0 671.0 296.0 447.0 784.0 285.0 372.0 809.0 926.0 290.0 116.0 208.0 706.0 978.0 385.0 572.0 597.0 508.0 270.0 160.0 576.0 454.0 1003.0 394.0 102.0 465.0 897.0 573.0 622.0 397.0 434.0 637.0 338.0 533.0 886.0 751.0 108.0 45.0 480.0 889.0 160.0 285.0 359.0 315.0 733.0 451.0 369.0 464.0 380.0 293.0 
579.0 418.0 994.0 659.0 268.0 583.0 554.0 677.0 881.0 858.0 456.0 883.0 235.0 0.0 580.0 849.0 256.0 829.0 611.0 114.0 204.0 1155.0 767.0 438.0 740.0 104.0 794.0 649.0 497.0 758.0 970.0 226.0 1025.0 741.0 776.0 683.0 469.0 977.0 900.0 808.0 802.0 376.0 35.0 1133.0 898.0 1049.0 1010.0 527.0 595.0 542.0 392.0 831.0 998.0 766.0 372.0 831.0 787.0 145.0 327.0 362.0 344.0 840.0 778.0 756.0 668.0 699.0 927.0 952.0 623.0 715.0 554.0 871.0 673.0 311.0 970.0 274.0 895.0 300.0 664.0 935.0 203.0 270.0 977.0 1110.0 256.0 122.0 288.0 755.0 1173.0 414.0 805.0 608.0 627.0 94.0 85.0 799.0 662.0 1197.0 180.0 336.0 505.0 910.0 793.0 766.0 250.0 519.0 826.0 573.0 757.0 967.0 948.0 192.0 246.0 362.0 969.0 370.0 255.0 294.0 321.0 779.0 610.0 532.0 631.0 152.0 523.0 
353.0 231.0 602.0 172.0 599.0 526.0 194.0 99.0 384.0 401.0 345.0 355.0 386.0 580.0 0.0 478.0 566.0 330.0 589.0 467.0 720.0 578.0 599.0 408.0 286.0 537.0 266.0 239.0 313.0 196.0 642.0 504.0 500.0 396.0 296.0 349.0 121.0 408.0 439.0 266.0 307.0 271.0 545.0 568.0 682.0 505.0 441.0 405.0 74.0 142.0 194.0 279.0 797.0 369.0 241.0 583.0 336.0 441.0 535.0 524.0 523.0 342.0 200.0 424.0 529.0 258.0 628.0 390.0 55.0 399.0 323.0 685.0 215.0 301.0 669.0 378.0 352.0 394.0 488.0 417.0 488.0 538.0 429.0 540.0 438.0 467.0 320.0 505.0 595.0 369.0 325.0 494.0 242.0 562.0 497.0 257.0 95.0 620.0 679.0 309.0 375.0 719.0 243.0 278.0 602.0 281.0 251.0 264.0 505.0 604.0 369.0 389.0 353.0 615.0 608.0 405.0 434.0 490.0 393.0 529.0 123.0 98.0 112.0 688.0 186.0 
273.0 453.0 146.0 308.0 700.0 371.0 335.0 479.0 757.0 806.0 396.0 274.0 759.0 849.0 478.0 0.0 678.0 217.0 408.0 765.0 885.0 578.0 262.0 430.0 723.0 759.0 644.0 248.0 352.0 369.0 164.0 655.0 313.0 109.0 712.0 817.0 560.0 632.0 144.0 309.0 219.0 702.0 819.0 495.0 258.0 369.0 655.0 342.0 546.0 379.0 530.0 614.0 357.0 110.0 658.0 174.0 761.0 756.0 601.0 564.0 579.0 726.0 435.0 94.0 285.0 708.0 162.0 384.0 503.0 135.0 295.0 285.0 264.0 554.0 196.0 575.0 671.0 552.0 966.0 260.0 664.0 646.0 347.0 505.0 601.0 780.0 576.0 159.0 601.0 441.0 733.0 317.0 257.0 781.0 785.0 620.0 513.0 610.0 847.0 725.0 354.0 303.0 598.0 227.0 715.0 334.0 413.0 742.0 975.0 130.0 491.0 697.0 715.0 646.0 133.0 843.0 601.0 596.0 533.0 159.0 357.0 423.0 368.0 882.0 662.0 
411.0 342.0 816.0 575.0 34.0 354.0 456.0 662.0 931.0 927.0 297.0 784.0 380.0 256.0 566.0 678.0 0.0 718.0 369.0 264.0 209.0 1093.0 543.0 249.0 804.0 158.0 823.0 534.0 349.0 699.0 772.0 69.0 912.0 577.0 830.0 788.0 491.0 971.0 762.0 726.0 693.0 476.0 247.0 1051.0 673.0 948.0 1004.0 336.0 610.0 469.0 381.0 844.0 764.0 618.0 448.0 621.0 855.0 288.0 83.0 123.0 105.0 888.0 740.0 585.0 448.0 764.0 723.0 875.0 619.0 545.0 398.0 641.0 571.0 270.0 764.0 190.0 916.0 173.0 821.0 825.0 97.0 34.0 884.0 1037.0 129.0 290.0 256.0 555.0 1115.0 250.0 860.0 391.0 508.0 163.0 256.0 819.0 660.0 1135.0 173.0 452.0 327.0 679.0 806.0 659.0 39.0 383.0 775.0 669.0 898.0 781.0 904.0 276.0 358.0 108.0 782.0 540.0 133.0 87.0 180.0 576.0 542.0 484.0 570.0 214.0 592.0 
327.0 411.0 296.0 177.0 746.0 494.0 276.0 296.0 546.0 599.0 422.0 74.0 684.0 829.0 330.0 217.0 718.0 0.0 547.0 727.0 914.0 403.0 451.0 479.0 528.0 756.0 439.0 185.0 370.0 168.0 367.0 676.0 198.0 211.0 511.0 637.0 439.0 417.0 115.0 96.0 27.0 592.0 795.0 341.0 473.0 231.0 440.0 413.0 383.0 291.0 453.0 403.0 573.0 148.0 555.0 382.0 561.0 709.0 655.0 625.0 634.0 518.0 228.0 230.0 436.0 520.0 376.0 186.0 335.0 242.0 327.0 495.0 157.0 518.0 406.0 568.0 456.0 559.0 798.0 108.0 675.0 685.0 173.0 336.0 612.0 735.0 542.0 337.0 426.0 468.0 529.0 441.0 211.0 780.0 753.0 413.0 332.0 441.0 873.0 625.0 406.0 518.0 391.0 63.0 757.0 335.0 198.0 580.0 792.0 314.0 279.0 650.0 643.0 719.0 318.0 730.0 610.0 631.0 545.0 349.0 233.0 316.0 226.0 898.0 513.0 
248.0 396.0 517.0 490.0 375.0 63.0 400.0 655.0 965.0 989.0 260.0 620.0 640.0 611.0 589.0 408.0 369.0 547.0 0.0 575.0 564.0 949.0 189.0 218.0 875.0 507.0 844.0 410.0 279.0 617.0 444.0 385.0 707.0 343.0 884.0 915.0 589.0 920.0 535.0 603.0 531.0 666.0 592.0 880.0 315.0 758.0 950.0 185.0 659.0 448.0 491.0 840.0 397.0 405.0 622.0 286.0 925.0 583.0 289.0 250.0 269.0 925.0 680.0 334.0 123.0 844.0 390.0 732.0 640.0 309.0 271.0 278.0 458.0 428.0 425.0 387.0 911.0 347.0 1010.0 635.0 409.0 346.0 716.0 881.0 368.0 598.0 437.0 251.0 973.0 264.0 913.0 108.0 389.0 520.0 581.0 829.0 672.0 987.0 534.0 665.0 217.0 314.0 809.0 509.0 395.0 308.0 690.0 805.0 1059.0 472.0 807.0 540.0 601.0 291.0 472.0 782.0 371.0 318.0 326.0 261.0 494.0 492.0 524.0 579.0 714.0 
501.0 320.0 910.0 555.0 288.0 537.0 455.0 564.0 770.0 749.0 381.0 779.0 134.0 114.0 467.0 765.0 264.0 727.0 575.0 0.0 294.0 1043.0 713.0 378.0 630.0 122.0 681.0 552.0 416.0 648.0 896.0 208.0 922.0 657.0 665.0 580.0 355.0 863.0 805.0 701.0 701.0 267.0 80.0 1024.0 840.0 943.0 896.0 462.0 481.0 437.0 283.0 717.0 946.0 676.0 259.0 765.0 678.0 34.0 312.0 340.0 323.0 729.0 666.0 675.0 613.0 589.0 856.0 843.0 509.0 634.0 473.0 818.0 571.0 214.0 901.0 200.0 782.0 235.0 579.0 833.0 178.0 264.0 870.0 1000.0 207.0 26.0 191.0 686.0 1061.0 345.0 694.0 553.0 531.0 137.0 30.0 685.0 548.0 1086.0 261.0 230.0 435.0 857.0 679.0 665.0 274.0 432.0 714.0 467.0 666.0 888.0 836.0 80.0 135.0 370.0 890.0 287.0 204.0 266.0 257.0 711.0 503.0 424.0 523.0 249.0 412.0 
616.0 516.0 1024.0 760.0 192.0 557.0 643.0 819.0 1055.0 1039.0 499.0 977.0 427.0 204.0 720.0 885.0 209.0 914.0 564.0 294.0 0.0 1275.0 745.0 456.0 918.0 187.0 959.0 729.0 549.0 876.0 979.0 238.0 1110.0 783.0 951.0 874.0 623.0 1127.0 965.0 913.0 888.0 559.0 225.0 1240.0 875.0 1142.0 1160.0 544.0 749.0 647.0 526.0 988.0 960.0 822.0 546.0 827.0 967.0 328.0 289.0 328.0 312.0 1013.0 908.0 792.0 653.0 877.0 930.0 1061.0 769.0 752.0 602.0 840.0 762.0 422.0 970.0 353.0 1057.0 355.0 866.0 1021.0 241.0 240.0 1076.0 1223.0 303.0 312.0 401.0 763.0 1295.0 452.0 980.0 597.0 704.0 165.0 268.0 959.0 809.0 1317.0 42.0 523.0 533.0 877.0 950.0 853.0 174.0 581.0 950.0 760.0 957.0 990.0 1077.0 354.0 426.0 274.0 990.0 572.0 305.0 291.0 369.0 783.0 720.0 652.0 746.0 53.0 699.0 
726.0 759.0 567.0 519.0 1124.0 896.0 638.0 486.0 489.0 561.0 808.0 329.0 961.0 1155.0 578.0 578.0 1093.0 403.0 949.0 1043.0 1275.0 0.0 836.0 869.0 576.0 1101.0 463.0 569.0 756.0 400.0 674.0 1042.0 275.0 609.0 536.0 710.0 696.0 272.0 434.0 369.0 422.0 834.0 1120.0 99.0 826.0 215.0 260.0 812.0 583.0 628.0 763.0 405.0 902.0 545.0 812.0 751.0 574.0 1018.0 1039.0 1013.0 1020.0 494.0 378.0 623.0 835.0 597.0 708.0 222.0 543.0 642.0 721.0 858.0 527.0 856.0 720.0 923.0 391.0 924.0 884.0 320.0 1035.0 1061.0 235.0 74.0 976.0 1044.0 879.0 725.0 24.0 851.0 531.0 843.0 595.0 1126.0 1072.0 440.0 510.0 43.0 1233.0 875.0 800.0 870.0 430.0 449.0 1132.0 718.0 329.0 723.0 830.0 611.0 212.0 964.0 930.0 1109.0 615.0 947.0 973.0 1008.0 915.0 732.0 556.0 626.0 530.0 1250.0 701.0 
257.0 464.0 343.0 457.0 554.0 190.0 409.0 639.0 945.0 981.0 344.0 519.0 753.0 767.0 599.0 262.0 543.0 451.0 189.0 713.0 745.0 836.0 0.0 336.0 879.0 666.0 825.0 373.0 332.0 565.0 259.0 546.0 574.0 243.0 879.0 945.0 636.0 859.0 404.0 528.0 442.0 745.0 744.0 756.0 132.0 631.0 885.0 256.0 672.0 463.0 561.0 808.0 234.0 305.0 699.0 104.0 925.0 715.0 461.0 421.0 439.0 908.0 633.0 222.0 100.0 855.0 204.0 632.0 641.0 220.0 292.0 105.0 415.0 531.0 236.0 514.0 874.0 478.0 1066.0 517.0 565.0 516.0 603.0 764.0 513.0 734.0 547.0 115.0 860.0 371.0 905.0 161.0 362.0 683.0 725.0 805.0 665.0 870.0 713.0 754.0 288.0 145.0 783.0 432.0 572.0 343.0 628.0 847.0 1098.0 295.0 728.0 664.0 710.0 476.0 293.0 876.0 515.0 478.0 457.0 105.0 483.0 512.0 507.0 756.0 757.0 
162.0 188.0 571.0 359.0 273.0 167.0 243.0 489.0 791.0 805.0 66.0 549.0 427.0 438.0 408.0 430.0 249.0 479.0 218.0 378.0 456.0 869.0 336.0 0.0 685.0 340.0 672.0 301.0 114.0 490.0 535.0 227.0 670.0 328.0 701.0 711.0 383.0 784.0 514.0 502.0 456.0 448.0 412.0 818.0 464.0 709.0 816.0 91.0 471.0 277.0 279.0 679.0 569.0 371.0 405.0 394.0 737.0 381.0 178.0 146.0 156.0 749.0 543.0 337.0 236.0 651.0 491.0 648.0 462.0 297.0 153.0 440.0 344.0 211.0 534.0 180.0 752.0 143.0 796.0 584.0 240.0 217.0 650.0 809.0 182.0 399.0 221.0 319.0 892.0 47.0 730.0 175.0 275.0 359.0 390.0 661.0 499.0 910.0 417.0 447.0 78.0 480.0 645.0 424.0 287.0 153.0 568.0 597.0 849.0 539.0 695.0 331.0 386.0 240.0 540.0 565.0 183.0 166.0 121.0 343.0 341.0 311.0 372.0 453.0 507.0 
638.0 500.0 823.0 427.0 837.0 812.0 479.0 245.0 143.0 124.0 625.0 514.0 508.0 740.0 286.0 723.0 804.0 528.0 875.0 630.0 918.0 576.0 879.0 685.0 0.0 732.0 115.0 508.0 597.0 361.0 885.0 736.0 631.0 659.0 44.0 136.0 315.0 313.0 642.0 435.0 515.0 365.0 709.0 613.0 951.0 609.0 338.0 691.0 216.0 428.0 428.0 173.0 1064.0 618.0 373.0 852.0 53.0 598.0 790.0 786.0 782.0 107.0 304.0 687.0 814.0 42.0 882.0 482.0 239.0 669.0 609.0 959.0 472.0 536.0 918.0 617.0 196.0 643.0 310.0 573.0 714.0 780.0 540.0 573.0 677.0 618.0 548.0 778.0 583.0 643.0 66.0 780.0 518.0 754.0 659.0 140.0 216.0 611.0 880.0 406.0 659.0 991.0 157.0 498.0 835.0 567.0 350.0 180.0 273.0 837.0 388.0 565.0 496.0 871.0 841.0 425.0 672.0 740.0 648.0 801.0 396.0 383.0 373.0 877.0 219.0 
487.0 348.0 903.0 593.0 175.0 480.0 481.0 636.0 869.0 854.0 364.0 815.0 254.0 104.0 537.0 759.0 158.0 756.0 507.0 122.0 187.0 1101.0 666.0 340.0 732.0 0.0 772.0 573.0 409.0 702.0 874.0 122.0 953.0 652.0 764.0 693.0 438.0 943.0 820.0 745.0 730.0 377.0 90.0 1072.0 797.0 981.0 976.0 430.0 564.0 477.0 343.0 803.0 895.0 682.0 360.0 732.0 781.0 153.0 224.0 259.0 241.0 827.0 730.0 666.0 567.0 691.0 830.0 891.0 585.0 624.0 465.0 769.0 601.0 245.0 872.0 190.0 871.0 207.0 700.0 864.0 101.0 168.0 911.0 1052.0 159.0 146.0 223.0 658.0 1121.0 320.0 794.0 507.0 549.0 25.0 105.0 773.0 625.0 1144.0 148.0 343.0 410.0 808.0 764.0 694.0 159.0 434.0 773.0 577.0 786.0 874.0 899.0 169.0 245.0 265.0 876.0 409.0 159.0 190.0 227.0 682.0 548.0 475.0 572.0 152.0 514.0 
600.0 496.0 733.0 369.0 857.0 781.0 445.0 190.0 122.0 162.0 609.0 415.0 569.0 794.0 266.0 644.0 823.0 439.0 844.0 681.0 959.0 463.0 825.0 672.0 115.0 772.0 0.0 453.0 573.0 276.0 803.0 758.0 523.0 594.0 81.0 250.0 336.0 207.0 550.0 344.0 429.0 427.0 761.0 499.0 885.0 498.0 235.0 663.0 214.0 400.0 443.0 59.0 995.0 546.0 423.0 786.0 129.0 650.0 798.0 788.0 787.0 84.0 212.0 620.0 770.0 135.0 805.0 372.0 211.0 608.0 574.0 897.0 411.0 554.0 839.0 634.0 102.0 655.0 424.0 471.0 739.0 797.0 431.0 458.0 695.0 673.0 570.0 719.0 471.0 634.0 91.0 744.0 467.0 795.0 711.0 28.0 175.0 498.0 919.0 470.0 634.0 927.0 49.0 418.0 857.0 539.0 249.0 270.0 384.0 752.0 274.0 609.0 550.0 879.0 756.0 511.0 691.0 751.0 655.0 739.0 351.0 362.0 323.0 921.0 278.0 
166.0 232.0 384.0 85.0 563.0 350.0 98.0 266.0 573.0 609.0 241.0 251.0 525.0 649.0 239.0 248.0 534.0 185.0 410.0 552.0 729.0 569.0 373.0 301.0 508.0 573.0 453.0 0.0 188.0 207.0 408.0 491.0 382.0 158.0 507.0 586.0 313.0 511.0 253.0 203.0 160.0 456.0 616.0 519.0 445.0 415.0 541.0 248.0 310.0 133.0 292.0 439.0 560.0 140.0 414.0 346.0 553.0 537.0 473.0 446.0 453.0 536.0 272.0 185.0 321.0 487.0 391.0 347.0 274.0 162.0 154.0 451.0 48.0 340.0 432.0 384.0 508.0 375.0 725.0 293.0 490.0 501.0 351.0 508.0 427.0 562.0 363.0 271.0 592.0 285.0 532.0 304.0 27.0 597.0 576.0 433.0 293.0 610.0 688.0 482.0 232.0 484.0 412.0 126.0 573.0 152.0 282.0 501.0 743.0 377.0 403.0 477.0 482.0 541.0 380.0 598.0 426.0 447.0 361.0 294.0 116.0 175.0 136.0 713.0 417.0 
86.0 132.0 497.0 245.0 377.0 217.0 133.0 386.0 693.0 713.0 53.0 438.0 430.0 497.0 313.0 352.0 349.0 370.0 279.0 416.0 549.0 756.0 332.0 114.0 597.0 409.0 573.0 188.0 0.0 377.0 481.0 313.0 564.0 245.0 608.0 638.0 315.0 673.0 416.0 389.0 346.0 414.0 467.0 707.0 447.0 600.0 705.0 95.0 381.0 174.0 230.0 575.0 560.0 275.0 368.0 360.0 648.0 409.0 286.0 258.0 266.0 652.0 431.0 260.0 242.0 566.0 444.0 535.0 365.0 219.0 58.0 433.0 230.0 211.0 488.0 223.0 647.0 202.0 743.0 476.0 317.0 316.0 539.0 696.0 253.0 432.0 230.0 277.0 778.0 99.0 637.0 194.0 162.0 431.0 435.0 560.0 399.0 797.0 509.0 423.0 63.0 473.0 542.0 313.0 388.0 39.0 455.0 531.0 785.0 473.0 581.0 352.0 385.0 353.0 475.0 545.0 253.0 263.0 184.0 303.0 231.0 215.0 262.0 539.0 440.0 
372.0 361.0 462.0 132.0 731.0 557.0 248.0 134.0 389.0 437.0 425.0 167.0 579.0 758.0 196.0 369.0 699.0 168.0 617.0 648.0 876.0 400.0 565.0 490.0 361.0 702.0 276.0 207.0 377.0 0.0 528.0 645.0 308.0 325.0 346.0 471.0 316.0 304.0 282.0 79.0 155.0 466.0 723.0 377.0 613.0 310.0 334.0 450.0 231.0 230.0 366.0 247.0 721.0 273.0 436.0 516.0 396.0 624.0 650.0 629.0 633.0 358.0 69.0 351.0 524.0 353.0 530.0 197.0 183.0 345.0 356.0 628.0 160.0 457.0 564.0 524.0 310.0 528.0 635.0 230.0 636.0 668.0 233.0 353.0 578.0 651.0 480.0 454.0 420.0 464.0 365.0 511.0 229.0 726.0 676.0 252.0 171.0 443.0 834.0 504.0 430.0 656.0 230.0 143.0 737.0 338.0 78.0 422.0 626.0 478.0 206.0 569.0 543.0 725.0 482.0 597.0 575.0 615.0 520.0 472.0 158.0 227.0 131.0 851.0 364.0 
395.0 596.0 110.0 472.0 788.0 429.0 490.0 642.0 912.0 964.0 516.0 411.0 904.0 970.0 642.0 164.0 772.0 367.0 444.0 896.0 979.0 674.0 259.0 535.0 885.0 874.0 803.0 408.0 481.0 528.0 0.0 761.0 400.0 256.0 872.0 981.0 719.0 772.0 267.0 462.0 374.0 857.0 942.0 581.0 174.0 460.0 791.0 445.0 710.0 536.0 680.0 769.0 230.0 274.0 813.0 158.0 922.0 890.0 691.0 651.0 668.0 883.0 592.0 231.0 332.0 871.0 56.0 509.0 667.0 269.0 425.0 216.0 427.0 690.0 46.0 699.0 822.0 671.0 1129.0 378.0 775.0 742.0 461.0 601.0 715.0 912.0 710.0 218.0 696.0 557.0 892.0 384.0 414.0 894.0 913.0 778.0 676.0 700.0 944.0 878.0 466.0 213.0 756.0 387.0 805.0 471.0 564.0 905.0 1138.0 63.0 626.0 832.0 859.0 720.0 59.0 998.0 716.0 696.0 650.0 196.0 520.0 582.0 531.0 983.0 824.0 
383.0 285.0 797.0 525.0 102.0 359.0 407.0 601.0 864.0 859.0 263.0 740.0 316.0 226.0 504.0 655.0 69.0 676.0 385.0 208.0 238.0 1042.0 546.0 227.0 736.0 122.0 758.0 491.0 313.0 645.0 761.0 0.0 872.0 551.0 763.0 719.0 424.0 910.0 728.0 678.0 650.0 407.0 208.0 1005.0 677.0 905.0 943.0 318.0 545.0 415.0 315.0 780.0 774.0 587.0 379.0 616.0 787.0 228.0 106.0 138.0 120.0 821.0 683.0 562.0 448.0 696.0 715.0 826.0 556.0 521.0 366.0 648.0 525.0 205.0 757.0 126.0 852.0 119.0 754.0 784.0 31.0 57.0 839.0 989.0 67.0 234.0 189.0 544.0 1063.0 216.0 793.0 388.0 466.0 137.0 205.0 754.0 597.0 1085.0 197.0 384.0 302.0 687.0 743.0 616.0 100.0 344.0 721.0 600.0 830.0 765.0 849.0 210.0 291.0 165.0 767.0 475.0 71.0 69.0 131.0 567.0 488.0 426.0 515.0 228.0 524.0 
512.0 608.0 294.0 369.0 940.0 661.0 473.0 439.0 604.0 670.0 616.0 147.0 872.0 1025.0 500.0 313.0 912.0 198.0 707.0 922.0 1110.0 275.0 574.0 670.0 631.0 953.0 523.0 382.0 564.0 308.0 400.0 872.0 0.0 366.0 603.0 757.0 617.0 417.0 173.0 234.0 224.0 769.0 991.0 184.0 553.0 61.0 427.0 597.0 538.0 486.0 645.0 472.0 628.0 308.0 736.0 483.0 652.0 903.0 846.0 815.0 825.0 589.0 338.0 374.0 587.0 635.0 434.0 154.0 490.0 401.0 517.0 587.0 353.0 714.0 445.0 765.0 501.0 756.0 928.0 90.0 872.0 879.0 93.0 202.0 809.0 929.0 738.0 468.0 298.0 662.0 612.0 606.0 407.0 978.0 948.0 496.0 474.0 302.0 1069.0 805.0 594.0 598.0 477.0 260.0 951.0 530.0 284.0 724.0 903.0 337.0 272.0 844.0 832.0 906.0 341.0 903.0 807.0 825.0 742.0 470.0 422.0 505.0 408.0 1095.0 671.0 
168.0 346.0 254.0 233.0 600.0 295.0 234.0 415.0 711.0 753.0 290.0 283.0 653.0 741.0 396.0 109.0 577.0 211.0 343.0 657.0 783.0 609.0 243.0 328.0 659.0 652.0 594.0 158.0 245.0 325.0 256.0 551.0 366.0 0.0 654.0 743.0 465.0 616.0 197.0 285.0 200.0 602.0 711.0 537.0 293.0 416.0 642.0 244.0 467.0 282.0 426.0 571.0 405.0 64.0 558.0 193.0 702.0 648.0 503.0 467.0 480.0 677.0 394.0 28.0 227.0 640.0 234.0 396.0 429.0 36.0 188.0 304.0 188.0 446.0 276.0 468.0 635.0 446.0 882.0 293.0 558.0 545.0 374.0 539.0 495.0 672.0 468.0 130.0 632.0 335.0 677.0 241.0 160.0 675.0 677.0 571.0 445.0 645.0 745.0 623.0 251.0 334.0 550.0 189.0 615.0 226.0 385.0 658.0 899.0 234.0 486.0 589.0 609.0 554.0 237.0 743.0 495.0 493.0 427.0 148.0 274.0 329.0 290.0 778.0 574.0 
644.0 518.0 806.0 424.0 863.0 821.0 486.0 241.0 105.0 105.0 639.0 492.0 545.0 776.0 296.0 712.0 830.0 511.0 884.0 665.0 951.0 536.0 879.0 701.0 44.0 764.0 81.0 507.0 608.0 346.0 872.0 763.0 603.0 654.0 0.0 176.0 339.0 271.0 624.0 417.0 500.0 402.0 744.0 577.0 946.0 578.0 295.0 701.0 231.0 437.0 451.0 136.0 1058.0 610.0 407.0 847.0 51.0 633.0 813.0 807.0 803.0 66.0 285.0 681.0 818.0 80.0 872.0 452.0 245.0 666.0 616.0 956.0 468.0 561.0 907.0 642.0 153.0 667.0 349.0 549.0 742.0 806.0 511.0 536.0 703.0 654.0 574.0 776.0 543.0 660.0 31.0 787.0 518.0 787.0 694.0 108.0 216.0 570.0 912.0 444.0 670.0 987.0 127.0 486.0 862.0 576.0 326.0 221.0 304.0 823.0 353.0 598.0 531.0 894.0 827.0 467.0 698.0 763.0 670.0 798.0 398.0 394.0 373.0 910.0 254.0 
694.0 523.0 929.0 512.0 820.0 854.0 537.0 342.0 253.0 200.0 657.0 632.0 448.0 683.0 349.0 817.0 788.0 637.0 915.0 580.0 874.0 710.0 945.0 711.0 136.0 693.0 250.0 586.0 638.0 471.0 981.0 719.0 757.0 743.0 176.0 0.0 328.0 447.0 751.0 548.0 620.0 317.0 654.0 748.0 1030.0 738.0 470.0 733.0 276.0 483.0 435.0 308.0 1145.0 709.0 341.0 931.0 147.0 547.0 788.0 791.0 783.0 229.0 423.0 770.0 870.0 122.0 972.0 610.0 315.0 747.0 661.0 1033.0 557.0 533.0 1011.0 609.0 327.0 642.0 175.0 693.0 693.0 769.0 667.0 707.0 667.0 564.0 539.0 853.0 718.0 666.0 187.0 830.0 590.0 712.0 607.0 274.0 307.0 745.0 839.0 351.0 699.0 1067.0 289.0 599.0 814.0 614.0 473.0 120.0 158.0 938.0 521.0 526.0 448.0 868.0 942.0 333.0 662.0 735.0 651.0 877.0 470.0 434.0 453.0 828.0 204.0 
379.0 196.0 693.0 267.0 525.0 528.0 235.0 212.0 440.0 438.0 330.0 471.0 266.0 469.0 121.0 560.0 491.0 439.0 589.0 355.0 623.0 696.0 636.0 383.0 315.0 438.0 336.0 313.0 315.0 316.0 719.0 424.0 617.0 465.0 339.0 328.0 0.0 509.0 542.0 383.0 415.0 154.0 435.0 689.0 735.0 625.0 542.0 408.0 127.0 184.0 114.0 366.0 851.0 451.0 120.0 638.0 367.0 327.0 476.0 473.0 468.0 397.0 319.0 491.0 553.0 277.0 698.0 511.0 155.0 460.0 345.0 730.0 304.0 222.0 741.0 303.0 434.0 329.0 431.0 532.0 404.0 467.0 548.0 660.0 364.0 352.0 236.0 556.0 713.0 338.0 370.0 508.0 306.0 461.0 385.0 336.0 193.0 738.0 583.0 189.0 374.0 768.0 327.0 382.0 524.0 295.0 372.0 217.0 471.0 689.0 486.0 279.0 234.0 557.0 692.0 292.0 359.0 425.0 334.0 582.0 211.0 138.0 214.0 588.0 126.0 
675.0 630.0 682.0 433.0 1004.0 860.0 541.0 310.0 218.0 290.0 718.0 362.0 761.0 977.0 408.0 632.0 971.0 417.0 920.0 863.0 1127.0 272.0 859.0 784.0 313.0 943.0 207.0 511.0 673.0 304.0 772.0 910.0 417.0 616.0 271.0 447.0 509.0 0.0 506.0 332.0 420.0 622.0 943.0 331.0 889.0 373.0 34.0 752.0 383.0 510.0 601.0 155.0 988.0 556.0 611.0 797.0 305.0 834.0 933.0 916.0 918.0 224.0 243.0 639.0 826.0 341.0 789.0 271.0 358.0 640.0 657.0 911.0 463.0 708.0 815.0 785.0 121.0 798.0 617.0 399.0 896.0 941.0 329.0 288.0 844.0 858.0 728.0 745.0 276.0 753.0 262.0 814.0 532.0 967.0 893.0 191.0 318.0 303.0 1086.0 665.0 730.0 934.0 190.0 427.0 1007.0 635.0 233.0 477.0 559.0 714.0 149.0 787.0 737.0 1011.0 718.0 716.0 840.0 892.0 794.0 760.0 443.0 488.0 413.0 1094.0 476.0 
353.0 485.0 184.0 275.0 787.0 491.0 351.0 410.0 653.0 709.0 466.0 145.0 774.0 900.0 439.0 144.0 762.0 115.0 535.0 805.0 965.0 434.0 404.0 514.0 642.0 820.0 550.0 253.0 416.0 282.0 267.0 728.0 173.0 197.0 624.0 751.0 542.0 506.0 0.0 207.0 133.0 693.0 867.0 352.0 397.0 227.0 525.0 435.0 496.0 379.0 541.0 511.0 486.0 144.0 653.0 317.0 674.0 790.0 691.0 658.0 669.0 628.0 340.0 202.0 415.0 635.0 287.0 246.0 448.0 232.0 364.0 427.0 243.0 592.0 309.0 631.0 560.0 616.0 912.0 118.0 731.0 729.0 205.0 361.0 668.0 815.0 615.0 296.0 458.0 513.0 641.0 436.0 274.0 843.0 828.0 524.0 447.0 467.0 925.0 723.0 437.0 442.0 502.0 162.0 800.0 387.0 304.0 693.0 907.0 209.0 360.0 730.0 732.0 746.0 213.0 833.0 667.0 676.0 599.0 300.0 332.0 411.0 330.0 954.0 623.0 
366.0 398.0 390.0 153.0 757.0 545.0 271.0 213.0 451.0 504.0 440.0 90.0 641.0 808.0 266.0 309.0 726.0 96.0 603.0 701.0 913.0 369.0 528.0 502.0 435.0 745.0 344.0 203.0 389.0 79.0 462.0 678.0 234.0 285.0 417.0 548.0 383.0 332.0 207.0 0.0 91.0 536.0 773.0 329.0 562.0 244.0 358.0 450.0 308.0 268.0 420.0 307.0 665.0 225.0 503.0 467.0 467.0 679.0 671.0 646.0 652.0 423.0 133.0 308.0 500.0 430.0 470.0 149.0 259.0 311.0 356.0 581.0 159.0 501.0 501.0 561.0 362.0 559.0 713.0 153.0 672.0 694.0 170.0 312.0 611.0 706.0 524.0 414.0 391.0 483.0 434.0 495.0 229.0 769.0 728.0 318.0 249.0 410.0 871.0 572.0 435.0 606.0 296.0 96.0 765.0 351.0 104.0 500.0 702.0 409.0 205.0 622.0 603.0 741.0 414.0 670.0 609.0 641.0 549.0 429.0 198.0 278.0 179.0 891.0 440.0 
306.0 385.0 309.0 151.0 722.0 476.0 250.0 279.0 539.0 590.0 398.0 94.0 658.0 802.0 307.0 219.0 693.0 27.0 531.0 701.0 888.0 422.0 442.0 456.0 515.0 730.0 429.0 160.0 346.0 155.0 374.0 650.0 224.0 200.0 500.0 620.0 415.0 420.0 133.0 91.0 0.0 567.0 768.0 363.0 471.0 256.0 445.0 392.0 363.0 265.0 427.0 396.0 574.0 138.0 530.0 378.0 550.0 683.0 631.0 601.0 610.0 510.0 219.0 221.0 422.0 505.0 380.0 202.0 316.0 229.0 304.0 491.0 130.0 491.0 412.0 542.0 453.0 534.0 780.0 134.0 649.0 660.0 195.0 357.0 586.0 709.0 515.0 328.0 445.0 444.0 519.0 424.0 185.0 754.0 726.0 404.0 315.0 461.0 847.0 600.0 383.0 516.0 382.0 37.0 732.0 310.0 195.0 561.0 776.0 324.0 287.0 623.0 617.0 695.0 328.0 706.0 584.0 606.0 520.0 342.0 208.0 290.0 201.0 872.0 491.0 
491.0 282.0 839.0 419.0 507.0 610.0 368.0 351.0 506.0 483.0 411.0 624.0 144.0 376.0 271.0 702.0 476.0 592.0 666.0 267.0 559.0 834.0 745.0 448.0 365.0 377.0 427.0 456.0 414.0 466.0 857.0 407.0 769.0 602.0 402.0 317.0 154.0 622.0 693.0 536.0 567.0 0.0 344.0 833.0 855.0 776.0 654.0 498.0 252.0 324.0 185.0 470.0 970.0 595.0 46.0 763.0 411.0 234.0 487.0 496.0 486.0 466.0 461.0 627.0 654.0 324.0 832.0 659.0 293.0 592.0 457.0 845.0 453.0 243.0 876.0 310.0 529.0 347.0 354.0 685.0 380.0 460.0 699.0 803.0 362.0 254.0 242.0 679.0 849.0 403.0 430.0 602.0 446.0 397.0 296.0 435.0 324.0 875.0 523.0 44.0 464.0 884.0 433.0 534.0 501.0 405.0 516.0 201.0 424.0 831.0 622.0 210.0 133.0 564.0 834.0 142.0 357.0 432.0 361.0 705.0 362.0 284.0 367.0 515.0 150.0 
549.0 385.0 963.0 625.0 263.0 561.0 520.0 643.0 849.0 827.0 427.0 849.0 206.0 35.0 545.0 819.0 247.0 795.0 592.0 80.0 225.0 1120.0 744.0 412.0 709.0 90.0 761.0 616.0 467.0 723.0 942.0 208.0 991.0 711.0 744.0 654.0 435.0 943.0 867.0 773.0 768.0 344.0 0.0 1098.0 874.0 1014.0 976.0 500.0 561.0 507.0 357.0 797.0 975.0 735.0 339.0 805.0 755.0 112.0 312.0 346.0 328.0 808.0 743.0 726.0 644.0 667.0 900.0 917.0 588.0 685.0 524.0 848.0 639.0 278.0 943.0 244.0 862.0 272.0 642.0 901.0 183.0 257.0 942.0 1076.0 231.0 91.0 254.0 728.0 1138.0 386.0 773.0 584.0 594.0 89.0 50.0 765.0 627.0 1162.0 196.0 306.0 477.0 887.0 759.0 732.0 246.0 487.0 791.0 543.0 732.0 938.0 913.0 157.0 213.0 354.0 940.0 348.0 230.0 275.0 293.0 752.0 575.0 497.0 596.0 176.0 491.0 
668.0 726.0 473.0 481.0 1081.0 830.0 598.0 484.0 546.0 617.0 759.0 270.0 954.0 1133.0 568.0 495.0 1051.0 341.0 880.0 1024.0 1240.0 99.0 756.0 818.0 613.0 1072.0 499.0 519.0 707.0 377.0 581.0 1005.0 184.0 537.0 577.0 748.0 689.0 331.0 352.0 329.0 363.0 833.0 1098.0 0.0 737.0 126.0 327.0 754.0 585.0 596.0 742.0 441.0 810.0 476.0 808.0 666.0 619.0 1001.0 992.0 964.0 972.0 543.0 373.0 549.0 763.0 629.0 617.0 182.0 541.0 572.0 667.0 771.0 481.0 828.0 627.0 889.0 443.0 886.0 922.0 245.0 1000.0 1019.0 169.0 44.0 939.0 1027.0 851.0 648.0 119.0 804.0 577.0 776.0 545.0 1097.0 1052.0 474.0 513.0 120.0 1199.0 874.0 746.0 781.0 460.0 394.0 1090.0 670.0 318.0 744.0 878.0 519.0 228.0 945.0 919.0 1058.0 523.0 956.0 936.0 965.0 875.0 652.0 525.0 602.0 503.0 1219.0 711.0 
365.0 576.0 279.0 524.0 684.0 321.0 502.0 707.0 1001.0 1045.0 466.0 532.0 874.0 898.0 682.0 258.0 673.0 473.0 315.0 840.0 875.0 826.0 132.0 464.0 951.0 797.0 885.0 445.0 447.0 613.0 174.0 677.0 553.0 293.0 946.0 1030.0 735.0 889.0 397.0 562.0 471.0 855.0 874.0 737.0 0.0 613.0 912.0 380.0 755.0 554.0 671.0 860.0 117.0 341.0 809.0 100.0 994.0 841.0 592.0 552.0 570.0 968.0 681.0 265.0 230.0 931.0 124.0 641.0 718.0 284.0 399.0 45.0 479.0 652.0 135.0 641.0 921.0 606.0 1162.0 514.0 696.0 647.0 601.0 753.0 643.0 861.0 669.0 180.0 849.0 497.0 970.0 291.0 441.0 813.0 853.0 862.0 736.0 855.0 843.0 868.0 410.0 46.0 840.0 472.0 703.0 450.0 666.0 940.0 1186.0 228.0 749.0 788.0 830.0 605.0 225.0 990.0 645.0 609.0 585.0 154.0 561.0 604.0 580.0 887.0 852.0 
554.0 634.0 354.0 390.0 976.0 710.0 501.0 435.0 570.0 638.0 653.0 167.0 885.0 1049.0 505.0 369.0 948.0 231.0 758.0 943.0 1142.0 215.0 631.0 709.0 609.0 981.0 498.0 415.0 600.0 310.0 460.0 905.0 61.0 416.0 578.0 738.0 625.0 373.0 227.0 244.0 256.0 776.0 1014.0 126.0 613.0 0.0 380.0 640.0 536.0 508.0 663.0 444.0 688.0 355.0 745.0 541.0 625.0 922.0 885.0 855.0 864.0 558.0 328.0 426.0 640.0 616.0 494.0 128.0 489.0 451.0 556.0 646.0 381.0 739.0 505.0 794.0 466.0 788.0 911.0 126.0 903.0 915.0 77.0 142.0 841.0 949.0 763.0 523.0 238.0 699.0 584.0 655.0 440.0 1005.0 970.0 471.0 469.0 243.0 1101.0 813.0 634.0 657.0 453.0 290.0 987.0 565.0 272.0 715.0 881.0 397.0 234.0 865.0 847.0 948.0 401.0 906.0 838.0 861.0 775.0 526.0 440.0 521.0 423.0 1125.0 668.0 
705.0 663.0 699.0 464.0 1037.0 890.0 573.0 343.0 233.0 304.0 750.0 383.0 793.0 1010.0 441.0 655.0 1004.0 440.0 950.0 896.0 1160.0 260.0 885.0 816.0 338.0 976.0 235.0 541.0 705.0 334.0 791.0 943.0 427.0 642.0 295.0 470.0 542.0 34.0 525.0 358.0 445.0 654.0 976.0 327.0 912.0 380.0 0.0 783.0 415.0 543.0 635.0 185.0 1009.0 581.0 644.0 821.0 326.0 866.0 966.0 949.0 951.0 243.0 274.0 664.0 854.0 367.0 810.0 285.0 392.0 667.0 688.0 935.0 493.0 742.0 834.0 818.0 143.0 831.0 638.0 416.0 929.0 975.0 341.0 284.0 877.0 891.0 761.0 771.0 261.0 785.0 284.0 843.0 563.0 1000.0 926.0 221.0 351.0 287.0 1119.0 697.0 761.0 957.0 221.0 453.0 1040.0 667.0 261.0 505.0 577.0 732.0 166.0 820.0 769.0 1043.0 736.0 746.0 873.0 925.0 827.0 786.0 475.0 521.0 445.0 1127.0 507.0 
87.0 219.0 481.0 319.0 358.0 122.0 219.0 474.0 783.0 805.0 89.0 486.0 497.0 527.0 405.0 342.0 336.0 413.0 185.0 462.0 544.0 812.0 256.0 91.0 691.0 430.0 663.0 248.0 95.0 450.0 445.0 318.0 597.0 244.0 701.0 733.0 408.0 752.0 435.0 450.0 392.0 498.0 500.0 754.0 380.0 640.0 783.0 0.0 475.0 265.0 317.0 662.0 489.0 292.0 453.0 305.0 741.0 461.0 260.0 224.0 237.0 743.0 510.0 250.0 159.0 660.0 401.0 590.0 457.0 210.0 95.0 361.0 294.0 276.0 444.0 262.0 734.0 229.0 834.0 514.0 331.0 304.0 586.0 748.0 271.0 481.0 291.0 228.0 835.0 117.0 729.0 104.0 223.0 450.0 476.0 648.0 490.0 852.0 506.0 504.0 35.0 401.0 630.0 364.0 373.0 125.0 527.0 624.0 879.0 448.0 650.0 409.0 454.0 312.0 449.0 625.0 273.0 255.0 208.0 253.0 316.0 308.0 346.0 543.0 533.0 
425.0 288.0 665.0 239.0 643.0 596.0 266.0 103.0 325.0 335.0 410.0 397.0 383.0 595.0 74.0 546.0 610.0 383.0 659.0 481.0 749.0 583.0 672.0 471.0 216.0 564.0 214.0 310.0 381.0 231.0 710.0 545.0 538.0 467.0 231.0 276.0 127.0 383.0 496.0 308.0 363.0 252.0 561.0 585.0 755.0 536.0 415.0 475.0 0.0 214.0 230.0 239.0 870.0 437.0 233.0 655.0 267.0 452.0 587.0 579.0 576.0 282.0 213.0 495.0 602.0 186.0 698.0 414.0 49.0 471.0 395.0 758.0 283.0 341.0 738.0 421.0 309.0 442.0 421.0 460.0 527.0 584.0 460.0 553.0 482.0 476.0 357.0 578.0 598.0 430.0 261.0 566.0 315.0 588.0 511.0 211.0 73.0 624.0 709.0 293.0 443.0 792.0 201.0 336.0 644.0 352.0 269.0 199.0 433.0 670.0 371.0 405.0 356.0 668.0 674.0 372.0 477.0 539.0 443.0 602.0 194.0 167.0 179.0 714.0 133.0 
212.0 131.0 516.0 118.0 501.0 385.0 54.0 213.0 520.0 541.0 212.0 342.0 396.0 542.0 142.0 379.0 469.0 291.0 448.0 437.0 647.0 628.0 463.0 277.0 428.0 477.0 400.0 133.0 174.0 230.0 536.0 415.0 486.0 282.0 437.0 483.0 184.0 510.0 379.0 268.0 265.0 324.0 507.0 596.0 554.0 508.0 543.0 265.0 214.0 0.0 163.0 403.0 670.0 272.0 281.0 457.0 478.0 418.0 424.0 406.0 409.0 479.0 272.0 308.0 389.0 399.0 515.0 415.0 193.0 277.0 181.0 553.0 138.0 233.0 558.0 295.0 476.0 298.0 608.0 396.0 407.0 438.0 436.0 577.0 348.0 445.0 256.0 375.0 649.0 243.0 465.0 353.0 123.0 501.0 464.0 387.0 226.0 671.0 605.0 349.0 235.0 589.0 369.0 229.0 508.0 140.0 307.0 386.0 636.0 508.0 435.0 359.0 354.0 501.0 511.0 465.0 345.0 386.0 290.0 401.0 73.0 50.0 101.0 624.0 298.0 
307.0 99.0 672.0 277.0 414.0 433.0 196.0 293.0 551.0 551.0 232.0 500.0 234.0 392.0 194.0 530.0 381.0 453.0 491.0 283.0 526.0 763.0 561.0 279.0 428.0 343.0 443.0 292.0 230.0 366.0 680.0 315.0 645.0 426.0 451.0 435.0 114.0 601.0 541.0 420.0 427.0 185.0 357.0 742.0 671.0 663.0 635.0 317.0 230.0 163.0 0.0 467.0 786.0 428.0 139.0 579.0 480.0 260.0 363.0 360.0 355.0 508.0 388.0 450.0 471.0 390.0 652.0 561.0 244.0 413.0 272.0 661.0 301.0 111.0 696.0 192.0 537.0 216.0 519.0 556.0 298.0 355.0 589.0 719.0 253.0 287.0 128.0 495.0 782.0 233.0 482.0 420.0 276.0 368.0 311.0 440.0 285.0 806.0 485.0 199.0 282.0 700.0 429.0 391.0 415.0 221.0 434.0 320.0 571.0 659.0 558.0 203.0 191.0 444.0 662.0 321.0 248.0 312.0 221.0 522.0 223.0 142.0 241.0 495.0 231.0 
593.0 510.0 694.0 355.0 877.0 777.0 444.0 190.0 144.0 201.0 614.0 372.0 610.0 831.0 279.0 614.0 844.0 403.0 840.0 717.0 988.0 405.0 808.0 679.0 173.0 803.0 59.0 439.0 575.0 247.0 769.0 780.0 472.0 571.0 136.0 308.0 366.0 155.0 511.0 307.0 396.0 470.0 797.0 441.0 860.0 444.0 185.0 662.0 239.0 403.0 467.0 0.0 967.0 520.0 462.0 763.0 182.0 687.0 814.0 801.0 801.0 118.0 179.0 597.0 759.0 193.0 775.0 320.0 225.0 589.0 570.0 875.0 394.0 576.0 807.0 655.0 74.0 673.0 482.0 425.0 764.0 816.0 380.0 401.0 716.0 711.0 594.0 699.0 414.0 643.0 141.0 737.0 456.0 826.0 747.0 37.0 185.0 441.0 948.0 513.0 635.0 903.0 39.0 390.0 879.0 539.0 207.0 324.0 439.0 716.0 217.0 643.0 588.0 894.0 720.0 562.0 712.0 769.0 672.0 718.0 347.0 370.0 317.0 953.0 323.0 
479.0 690.0 338.0 638.0 772.0 416.0 618.0 819.0 1110.0 1155.0 577.0 627.0 985.0 998.0 797.0 357.0 764.0 573.0 397.0 946.0 960.0 902.0 234.0 569.0 1064.0 895.0 995.0 560.0 560.0 721.0 230.0 774.0 628.0 405.0 1058.0 1145.0 851.0 988.0 486.0 665.0 574.0 970.0 975.0 810.0 117.0 688.0 1009.0 489.0 870.0 670.0 786.0 967.0 0.0 450.0 924.0 215.0 1106.0 949.0 683.0 644.0 662.0 1077.0 789.0 378.0 334.0 1045.0 200.0 731.0 833.0 399.0 514.0 129.0 593.0 763.0 184.0 748.0 1026.0 712.0 1278.0 602.0 795.0 740.0 687.0 830.0 745.0 967.0 779.0 296.0 925.0 605.0 1080.0 394.0 556.0 911.0 957.0 971.0 850.0 929.0 931.0 982.0 521.0 89.0 949.0 578.0 791.0 566.0 769.0 1056.0 1301.0 292.0 844.0 897.0 942.0 687.0 288.0 1104.0 748.0 706.0 690.0 270.0 676.0 720.0 694.0 976.0 968.0 
209.0 358.0 245.0 199.0 644.0 355.0 232.0 374.0 661.0 706.0 324.0 219.0 659.0 766.0 369.0 110.0 618.0 148.0 405.0 676.0 822.0 545.0 305.0 371.0 618.0 682.0 546.0 140.0 275.0 273.0 274.0 587.0 308.0 64.0 610.0 709.0 451.0 556.0 144.0 225.0 138.0 595.0 735.0 476.0 341.0 355.0 581.0 292.0 437.0 272.0 428.0 520.0 450.0 0.0 553.0 244.0 659.0 664.0 547.0 514.0 525.0 628.0 341.0 84.0 290.0 602.0 264.0 332.0 394.0 97.0 221.0 358.0 154.0 462.0 303.0 494.0 581.0 477.0 856.0 231.0 591.0 586.0 312.0 476.0 528.0 688.0 485.0 191.0 569.0 371.0 632.0 301.0 152.0 705.0 698.0 522.0 406.0 582.0 783.0 620.0 293.0 384.0 500.0 132.0 657.0 249.0 327.0 632.0 866.0 238.0 424.0 604.0 616.0 603.0 242.0 737.0 527.0 533.0 459.0 205.0 247.0 314.0 258.0 814.0 552.0 
446.0 237.0 797.0 380.0 480.0 566.0 324.0 327.0 511.0 494.0 366.0 590.0 151.0 372.0 241.0 658.0 448.0 555.0 622.0 259.0 546.0 812.0 699.0 405.0 373.0 360.0 423.0 414.0 368.0 436.0 813.0 379.0 736.0 558.0 407.0 341.0 120.0 611.0 653.0 503.0 530.0 46.0 339.0 808.0 809.0 745.0 644.0 453.0 233.0 281.0 139.0 462.0 924.0 553.0 0.0 717.0 422.0 228.0 452.0 459.0 450.0 470.0 437.0 582.0 608.0 332.0 787.0 631.0 270.0 547.0 411.0 800.0 412.0 203.0 831.0 274.0 524.0 310.0 393.0 650.0 353.0 429.0 668.0 778.0 329.0 250.0 205.0 633.0 829.0 359.0 436.0 556.0 402.0 382.0 289.0 428.0 304.0 854.0 508.0 71.0 418.0 838.0 424.0 496.0 474.0 359.0 490.0 222.0 457.0 788.0 601.0 193.0 127.0 531.0 791.0 186.0 324.0 398.0 322.0 660.0 323.0 243.0 330.0 504.0 154.0 
275.0 487.0 239.0 425.0 636.0 273.0 405.0 607.0 903.0 946.0 386.0 445.0 789.0 831.0 583.0 174.0 621.0 382.0 286.0 765.0 827.0 751.0 104.0 394.0 852.0 732.0 786.0 346.0 360.0 516.0 158.0 616.0 483.0 193.0 847.0 931.0 638.0 797.0 317.0 467.0 378.0 763.0 805.0 666.0 100.0 541.0 821.0 305.0 655.0 457.0 579.0 763.0 215.0 244.0 717.0 0.0 895.0 763.0 539.0 499.0 516.0 869.0 584.0 166.0 176.0 832.0 105.0 556.0 619.0 184.0 309.0 114.0 380.0 569.0 144.0 566.0 825.0 534.0 1064.0 434.0 632.0 592.0 521.0 678.0 575.0 784.0 587.0 85.0 774.0 421.0 870.0 231.0 342.0 751.0 780.0 764.0 637.0 782.0 793.0 778.0 331.0 141.0 742.0 376.0 653.0 360.0 571.0 841.0 1087.0 191.0 659.0 708.0 745.0 564.0 189.0 899.0 576.0 549.0 512.0 58.0 461.0 506.0 481.0 833.0 754.0 
687.0 551.0 857.0 471.0 888.0 862.0 528.0 288.0 108.0 73.0 676.0 542.0 553.0 787.0 336.0 761.0 855.0 561.0 925.0 678.0 967.0 574.0 925.0 737.0 53.0 781.0 129.0 553.0 648.0 396.0 922.0 787.0 652.0 702.0 51.0 147.0 367.0 305.0 674.0 467.0 550.0 411.0 755.0 619.0 994.0 625.0 326.0 741.0 267.0 478.0 480.0 182.0 1106.0 659.0 422.0 895.0 0.0 645.0 842.0 838.0 834.0 83.0 335.0 730.0 862.0 92.0 922.0 500.0 287.0 713.0 658.0 1003.0 516.0 588.0 957.0 668.0 185.0 695.0 313.0 599.0 765.0 832.0 560.0 578.0 729.0 665.0 600.0 823.0 580.0 695.0 44.0 830.0 564.0 803.0 706.0 156.0 261.0 607.0 929.0 452.0 710.0 1035.0 176.0 536.0 886.0 617.0 376.0 219.0 259.0 873.0 397.0 614.0 543.0 923.0 877.0 462.0 724.0 791.0 700.0 845.0 443.0 433.0 419.0 925.0 268.0 
495.0 306.0 901.0 535.0 313.0 543.0 439.0 537.0 738.0 716.0 378.0 759.0 102.0 145.0 441.0 756.0 288.0 709.0 583.0 34.0 328.0 1018.0 715.0 381.0 598.0 153.0 650.0 537.0 409.0 624.0 890.0 228.0 903.0 648.0 633.0 547.0 327.0 834.0 790.0 679.0 683.0 234.0 112.0 1001.0 841.0 922.0 866.0 461.0 452.0 418.0 260.0 687.0 949.0 664.0 228.0 763.0 645.0 0.0 330.0 355.0 339.0 697.0 640.0 666.0 615.0 556.0 852.0 820.0 481.0 626.0 466.0 820.0 554.0 203.0 896.0 201.0 751.0 239.0 548.0 814.0 198.0 285.0 849.0 976.0 218.0 27.0 181.0 682.0 1035.0 345.0 661.0 555.0 517.0 169.0 62.0 654.0 519.0 1060.0 294.0 197.0 433.0 860.0 649.0 647.0 301.0 423.0 689.0 434.0 634.0 880.0 809.0 60.0 102.0 392.0 882.0 257.0 214.0 281.0 261.0 708.0 483.0 402.0 501.0 282.0 380.0 
339.0 305.0 738.0 523.0 99.0 272.0 403.0 627.0 910.0 913.0 233.0 723.0 411.0 327.0 535.0 601.0 83.0 655.0 289.0 312.0 289.0 1039.0 461.0 178.0 790.0 224.0 798.0 473.0 286.0 650.0 691.0 106.0 846.0 503.0 813.0 788.0 476.0 933.0 691.0 671.0 631.0 487.0 312.0 992.0 592.0 885.0 966.0 260.0 587.0 424.0 363.0 814.0 683.0 547.0 452.0 539.0 842.0 330.0 0.0 41.0 24.0 868.0 696.0 509.0 366.0 752.0 642.0 818.0 590.0 470.0 330.0 559.0 513.0 257.0 682.0 179.0 887.0 148.0 839.0 760.0 135.0 58.0 824.0 980.0 125.0 338.0 249.0 474.0 1061.0 189.0 843.0 309.0 447.0 234.0 311.0 791.0 629.0 1081.0 254.0 469.0 255.0 597.0 777.0 598.0 115.0 322.0 728.0 669.0 909.0 702.0 856.0 304.0 382.0 82.0 703.0 569.0 130.0 55.0 144.0 495.0 495.0 446.0 525.0 296.0 587.0 
305.0 293.0 700.0 499.0 138.0 232.0 381.0 613.0 903.0 908.0 206.0 695.0 431.0 362.0 524.0 564.0 123.0 625.0 250.0 340.0 328.0 1013.0 421.0 146.0 786.0 259.0 788.0 446.0 258.0 629.0 651.0 138.0 815.0 467.0 807.0 791.0 473.0 916.0 658.0 646.0 601.0 496.0 346.0 964.0 552.0 855.0 949.0 224.0 579.0 406.0 360.0 801.0 644.0 514.0 459.0 499.0 838.0 355.0 41.0 0.0 19.0 860.0 677.0 473.0 326.0 749.0 602.0 792.0 578.0 434.0 299.0 520.0 487.0 259.0 642.0 187.0 874.0 150.0 849.0 730.0 165.0 97.0 795.0 953.0 141.0 365.0 255.0 435.0 1036.0 165.0 837.0 269.0 420.0 271.0 341.0 780.0 617.0 1055.0 294.0 482.0 222.0 558.0 765.0 570.0 155.0 296.0 706.0 672.0 916.0 663.0 834.0 324.0 399.0 96.0 664.0 586.0 146.0 75.0 140.0 456.0 475.0 432.0 505.0 336.0 588.0 
316.0 292.0 715.0 504.0 122.0 250.0 386.0 614.0 900.0 904.0 213.0 703.0 417.0 344.0 523.0 579.0 105.0 634.0 269.0 323.0 312.0 1020.0 439.0 156.0 782.0 241.0 787.0 453.0 266.0 633.0 668.0 120.0 825.0 480.0 803.0 783.0 468.0 918.0 669.0 652.0 610.0 486.0 328.0 972.0 570.0 864.0 951.0 237.0 576.0 409.0 355.0 801.0 662.0 525.0 450.0 516.0 834.0 339.0 24.0 19.0 0.0 857.0 680.0 486.0 343.0 744.0 619.0 799.0 577.0 447.0 309.0 538.0 494.0 251.0 660.0 177.0 874.0 142.0 839.0 739.0 148.0 78.0 804.0 961.0 128.0 349.0 246.0 451.0 1042.0 170.0 834.0 286.0 427.0 253.0 324.0 779.0 617.0 1062.0 277.0 470.0 233.0 576.0 765.0 578.0 138.0 303.0 711.0 665.0 907.0 679.0 839.0 310.0 385.0 93.0 680.0 573.0 133.0 59.0 135.0 472.0 479.0 432.0 509.0 318.0 581.0 
681.0 569.0 811.0 452.0 921.0 862.0 525.0 272.0 43.0 83.0 686.0 489.0 609.0 840.0 342.0 726.0 888.0 518.0 925.0 729.0 1013.0 494.0 908.0 749.0 107.0 827.0 84.0 536.0 652.0 358.0 883.0 821.0 589.0 677.0 66.0 229.0 397.0 224.0 628.0 423.0 510.0 466.0 808.0 543.0 968.0 558.0 243.0 743.0 282.0 479.0 508.0 118.0 1077.0 628.0 470.0 869.0 83.0 697.0 868.0 860.0 857.0 0.0 292.0 704.0 852.0 145.0 887.0 435.0 288.0 692.0 655.0 980.0 494.0 618.0 921.0 699.0 104.0 722.0 395.0 543.0 801.0 863.0 496.0 501.0 760.0 718.0 633.0 802.0 499.0 709.0 43.0 825.0 550.0 849.0 758.0 106.0 253.0 526.0 974.0 508.0 713.0 1010.0 129.0 500.0 921.0 618.0 324.0 286.0 337.0 831.0 326.0 661.0 595.0 949.0 836.0 531.0 756.0 819.0 724.0 823.0 433.0 439.0 406.0 973.0 318.0 
434.0 398.0 522.0 192.0 772.0 619.0 300.0 111.0 322.0 372.0 477.0 210.0 585.0 778.0 200.0 435.0 740.0 228.0 680.0 666.0 908.0 378.0 633.0 543.0 304.0 730.0 212.0 272.0 431.0 69.0 592.0 683.0 338.0 394.0 285.0 423.0 319.0 243.0 340.0 133.0 219.0 461.0 743.0 373.0 681.0 328.0 274.0 510.0 213.0 272.0 388.0 179.0 789.0 341.0 437.0 584.0 335.0 640.0 696.0 677.0 680.0 292.0 0.0 420.0 590.0 302.0 597.0 203.0 169.0 414.0 415.0 697.0 225.0 487.0 629.0 559.0 242.0 567.0 592.0 271.0 671.0 709.0 253.0 342.0 616.0 666.0 509.0 522.0 396.0 513.0 302.0 575.0 292.0 754.0 695.0 186.0 142.0 421.0 867.0 502.0 487.0 724.0 164.0 211.0 777.0 393.0 57.0 388.0 574.0 541.0 171.0 587.0 552.0 773.0 545.0 585.0 612.0 658.0 561.0 541.0 203.0 258.0 172.0 880.0 342.0 
179.0 367.0 238.0 261.0 607.0 289.0 259.0 442.0 738.0 780.0 303.0 300.0 674.0 756.0 424.0 94.0 585.0 230.0 334.0 675.0 792.0 623.0 222.0 337.0 687.0 666.0 620.0 185.0 260.0 351.0 231.0 562.0 374.0 28.0 681.0 770.0 491.0 639.0 202.0 308.0 221.0 627.0 726.0 549.0 265.0 426.0 664.0 250.0 495.0 308.0 450.0 597.0 378.0 84.0 582.0 166.0 730.0 666.0 509.0 473.0 486.0 704.0 420.0 0.0 214.0 668.0 208.0 413.0 456.0 42.0 203.0 278.0 215.0 465.0 250.0 483.0 660.0 459.0 909.0 305.0 570.0 553.0 389.0 553.0 508.0 690.0 486.0 108.0 647.0 347.0 705.0 235.0 186.0 688.0 694.0 598.0 472.0 659.0 754.0 647.0 260.0 307.0 576.0 213.0 622.0 244.0 409.0 685.0 927.0 214.0 507.0 608.0 630.0 556.0 216.0 767.0 508.0 502.0 440.0 123.0 301.0 355.0 318.0 788.0 601.0 
177.0 373.0 397.0 404.0 461.0 98.0 336.0 581.0 891.0 922.0 248.0 508.0 655.0 668.0 529.0 285.0 448.0 436.0 123.0 613.0 653.0 835.0 100.0 236.0 814.0 567.0 770.0 321.0 242.0 524.0 332.0 448.0 587.0 227.0 818.0 870.0 553.0 826.0 415.0 500.0 422.0 654.0 644.0 763.0 230.0 640.0 854.0 159.0 602.0 389.0 471.0 759.0 334.0 290.0 608.0 176.0 862.0 615.0 366.0 326.0 343.0 852.0 590.0 214.0 0.0 787.0 280.0 621.0 575.0 194.0 210.0 205.0 366.0 434.0 319.0 415.0 828.0 378.0 983.0 518.0 466.0 420.0 601.0 765.0 414.0 634.0 448.0 129.0 859.0 272.0 845.0 61.0 304.0 584.0 625.0 752.0 603.0 872.0 619.0 661.0 192.0 245.0 731.0 404.0 479.0 258.0 594.0 767.0 1021.0 354.0 704.0 564.0 613.0 389.0 354.0 782.0 416.0 380.0 357.0 141.0 421.0 437.0 447.0 661.0 677.0 
610.0 464.0 814.0 408.0 797.0 781.0 451.0 230.0 184.0 164.0 592.0 512.0 467.0 699.0 258.0 708.0 764.0 520.0 844.0 589.0 877.0 597.0 855.0 651.0 42.0 691.0 135.0 487.0 566.0 353.0 871.0 696.0 635.0 640.0 80.0 122.0 277.0 341.0 635.0 430.0 505.0 324.0 667.0 629.0 931.0 616.0 367.0 660.0 186.0 399.0 390.0 193.0 1045.0 602.0 332.0 832.0 92.0 556.0 752.0 749.0 744.0 145.0 302.0 668.0 787.0 0.0 866.0 489.0 214.0 648.0 580.0 937.0 453.0 497.0 904.0 578.0 227.0 605.0 296.0 572.0 674.0 741.0 545.0 590.0 638.0 577.0 509.0 757.0 606.0 608.0 107.0 751.0 494.0 713.0 618.0 157.0 197.0 633.0 839.0 365.0 628.0 970.0 170.0 486.0 795.0 537.0 352.0 142.0 273.0 826.0 402.0 524.0 455.0 833.0 830.0 387.0 633.0 701.0 610.0 780.0 373.0 352.0 351.0 835.0 178.0 
358.0 564.0 156.0 461.0 739.0 377.0 466.0 637.0 918.0 967.0 476.0 428.0 871.0 927.0 628.0 162.0 723.0 376.0 390.0 856.0 930.0 708.0 204.0 491.0 882.0 830.0 805.0 391.0 444.0 530.0 56.0 715.0 434.0 234.0 872.0 972.0 698.0 789.0 287.0 470.0 380.0 832.0 900.0 617.0 124.0 494.0 810.0 401.0 698.0 515.0 652.0 775.0 200.0 264.0 787.0 105.0 922.0 852.0 642.0 602.0 619.0 887.0 597.0 208.0 280.0 866.0 0.0 532.0 658.0 241.0 390.0 165.0 416.0 654.0 45.0 659.0 832.0 628.0 1115.0 402.0 730.0 693.0 488.0 635.0 672.0 874.0 674.0 173.0 731.0 515.0 893.0 334.0 394.0 849.0 873.0 781.0 670.0 735.0 895.0 851.0 424.0 166.0 759.0 387.0 756.0 437.0 573.0 891.0 1130.0 105.0 645.0 796.0 826.0 669.0 102.0 972.0 673.0 649.0 607.0 149.0 506.0 562.0 520.0 935.0 808.0 
505.0 546.0 414.0 301.0 905.0 677.0 420.0 312.0 451.0 517.0 586.0 114.0 775.0 952.0 390.0 384.0 875.0 186.0 732.0 843.0 1061.0 222.0 632.0 648.0 482.0 891.0 372.0 347.0 535.0 197.0 509.0 826.0 154.0 396.0 452.0 610.0 511.0 271.0 246.0 149.0 202.0 659.0 917.0 182.0 641.0 128.0 285.0 590.0 414.0 415.0 561.0 320.0 731.0 332.0 631.0 556.0 500.0 820.0 818.0 792.0 799.0 435.0 203.0 413.0 621.0 489.0 532.0 0.0 368.0 427.0 499.0 668.0 306.0 647.0 553.0 709.0 348.0 708.0 784.0 131.0 820.0 843.0 61.0 163.0 760.0 846.0 670.0 519.0 245.0 630.0 460.0 625.0 373.0 916.0 871.0 345.0 345.0 263.0 1019.0 698.0 578.0 686.0 326.0 227.0 914.0 497.0 147.0 588.0 754.0 449.0 123.0 764.0 739.0 887.0 453.0 786.0 757.0 789.0 697.0 529.0 344.0 420.0 321.0 1039.0 545.0 
401.0 286.0 619.0 197.0 653.0 577.0 242.0 58.0 330.0 349.0 399.0 349.0 419.0 623.0 55.0 503.0 619.0 335.0 640.0 509.0 769.0 543.0 641.0 462.0 239.0 585.0 211.0 274.0 365.0 183.0 667.0 556.0 490.0 429.0 245.0 315.0 155.0 358.0 448.0 259.0 316.0 293.0 588.0 541.0 718.0 489.0 392.0 457.0 49.0 193.0 244.0 225.0 833.0 394.0 270.0 619.0 287.0 481.0 590.0 578.0 577.0 288.0 169.0 456.0 575.0 214.0 658.0 368.0 0.0 435.0 372.0 724.0 242.0 353.0 697.0 431.0 298.0 448.0 466.0 412.0 540.0 591.0 413.0 510.0 491.0 507.0 371.0 543.0 559.0 423.0 273.0 543.0 281.0 609.0 539.0 202.0 41.0 585.0 728.0 334.0 427.0 757.0 188.0 290.0 654.0 332.0 224.0 246.0 473.0 625.0 332.0 432.0 389.0 670.0 629.0 418.0 487.0 544.0 447.0 567.0 159.0 152.0 139.0 736.0 181.0 
138.0 328.0 279.0 243.0 568.0 260.0 226.0 426.0 727.0 767.0 261.0 315.0 635.0 715.0 399.0 135.0 545.0 242.0 309.0 634.0 752.0 642.0 220.0 297.0 669.0 624.0 608.0 162.0 219.0 345.0 269.0 521.0 401.0 36.0 666.0 747.0 460.0 640.0 232.0 311.0 229.0 592.0 685.0 572.0 284.0 451.0 667.0 210.0 471.0 277.0 413.0 589.0 399.0 97.0 547.0 184.0 713.0 626.0 470.0 434.0 447.0 692.0 414.0 42.0 194.0 648.0 241.0 427.0 435.0 0.0 162.0 290.0 199.0 424.0 284.0 442.0 654.0 418.0 882.0 327.0 529.0 512.0 408.0 573.0 467.0 649.0 445.0 111.0 665.0 306.0 691.0 206.0 158.0 646.0 653.0 587.0 454.0 679.0 713.0 611.0 219.0 323.0 566.0 215.0 582.0 204.0 409.0 659.0 903.0 255.0 513.0 567.0 591.0 519.0 257.0 732.0 466.0 462.0 398.0 132.0 278.0 325.0 297.0 747.0 573.0 
35.0 178.0 440.0 224.0 424.0 208.0 130.0 384.0 695.0 720.0 104.0 398.0 482.0 554.0 323.0 295.0 398.0 327.0 271.0 473.0 602.0 721.0 292.0 153.0 609.0 465.0 574.0 154.0 58.0 356.0 425.0 366.0 517.0 188.0 616.0 661.0 345.0 657.0 364.0 356.0 304.0 457.0 524.0 667.0 399.0 556.0 688.0 95.0 395.0 181.0 272.0 570.0 514.0 221.0 411.0 309.0 658.0 466.0 330.0 299.0 309.0 655.0 415.0 203.0 210.0 580.0 390.0 499.0 372.0 162.0 0.0 390.0 200.0 266.0 434.0 280.0 642.0 258.0 775.0 431.0 372.0 365.0 498.0 659.0 309.0 489.0 286.0 225.0 744.0 150.0 644.0 172.0 129.0 487.0 492.0 558.0 402.0 762.0 562.0 469.0 80.0 428.0 539.0 274.0 437.0 52.0 432.0 558.0 811.0 416.0 555.0 408.0 438.0 392.0 418.0 592.0 308.0 312.0 240.0 252.0 224.0 229.0 254.0 593.0 468.0 
355.0 564.0 320.0 532.0 651.0 290.0 500.0 715.0 1015.0 1056.0 448.0 557.0 857.0 871.0 685.0 285.0 641.0 495.0 278.0 818.0 840.0 858.0 105.0 440.0 959.0 769.0 897.0 451.0 433.0 628.0 216.0 648.0 587.0 304.0 956.0 1033.0 730.0 911.0 427.0 581.0 491.0 845.0 848.0 771.0 45.0 646.0 935.0 361.0 758.0 553.0 661.0 875.0 129.0 358.0 800.0 114.0 1003.0 820.0 559.0 520.0 538.0 980.0 697.0 278.0 205.0 937.0 165.0 668.0 724.0 290.0 390.0 0.0 488.0 635.0 179.0 619.0 938.0 583.0 1160.0 544.0 668.0 615.0 631.0 785.0 617.0 839.0 651.0 181.0 882.0 476.0 980.0 266.0 444.0 785.0 829.0 875.0 744.0 888.0 810.0 856.0 392.0 40.0 853.0 489.0 670.0 441.0 684.0 939.0 1188.0 269.0 773.0 768.0 814.0 569.0 266.0 978.0 619.0 580.0 561.0 158.0 565.0 603.0 586.0 854.0 850.0 
213.0 255.0 391.0 46.0 601.0 397.0 121.0 228.0 531.0 569.0 282.0 216.0 533.0 673.0 215.0 264.0 571.0 157.0 458.0 571.0 762.0 527.0 415.0 344.0 472.0 601.0 411.0 48.0 230.0 160.0 427.0 525.0 353.0 188.0 468.0 557.0 304.0 463.0 243.0 159.0 130.0 453.0 639.0 481.0 479.0 381.0 493.0 294.0 283.0 138.0 301.0 394.0 593.0 154.0 412.0 380.0 516.0 554.0 513.0 487.0 494.0 494.0 225.0 215.0 366.0 453.0 416.0 306.0 242.0 199.0 200.0 488.0 0.0 362.0 455.0 413.0 462.0 408.0 702.0 263.0 522.0 539.0 314.0 468.0 460.0 580.0 386.0 309.0 549.0 325.0 492.0 351.0 72.0 625.0 597.0 390.0 258.0 568.0 721.0 482.0 277.0 520.0 369.0 94.0 610.0 192.0 234.0 478.0 714.0 390.0 356.0 494.0 491.0 583.0 394.0 594.0 458.0 485.0 395.0 330.0 95.0 170.0 105.0 744.0 399.0 
296.0 108.0 699.0 350.0 304.0 376.0 243.0 399.0 661.0 660.0 187.0 573.0 222.0 311.0 301.0 554.0 270.0 518.0 428.0 214.0 422.0 856.0 531.0 211.0 536.0 245.0 554.0 340.0 211.0 457.0 690.0 205.0 714.0 446.0 561.0 533.0 222.0 708.0 592.0 501.0 491.0 243.0 278.0 828.0 652.0 739.0 742.0 276.0 341.0 233.0 111.0 576.0 763.0 462.0 203.0 569.0 588.0 203.0 257.0 259.0 251.0 618.0 487.0 465.0 434.0 497.0 654.0 647.0 353.0 424.0 266.0 635.0 362.0 0.0 698.0 81.0 647.0 110.0 596.0 625.0 188.0 245.0 668.0 808.0 142.0 227.0 24.0 487.0 876.0 166.0 591.0 377.0 318.0 270.0 237.0 550.0 393.0 899.0 380.0 238.0 243.0 675.0 539.0 455.0 304.0 221.0 529.0 414.0 659.0 678.0 656.0 144.0 179.0 338.0 680.0 355.0 138.0 205.0 120.0 513.0 304.0 231.0 327.0 395.0 331.0 
403.0 609.0 155.0 500.0 779.0 416.0 509.0 675.0 950.0 1001.0 520.0 453.0 915.0 970.0 669.0 196.0 764.0 406.0 425.0 901.0 970.0 720.0 236.0 534.0 918.0 872.0 839.0 432.0 488.0 564.0 46.0 757.0 445.0 276.0 907.0 1011.0 741.0 815.0 309.0 501.0 412.0 876.0 943.0 627.0 135.0 505.0 834.0 444.0 738.0 558.0 696.0 807.0 184.0 303.0 831.0 144.0 957.0 896.0 682.0 642.0 660.0 921.0 629.0 250.0 319.0 904.0 45.0 553.0 697.0 284.0 434.0 179.0 455.0 698.0 0.0 702.0 862.0 672.0 1156.0 422.0 773.0 735.0 506.0 647.0 715.0 918.0 718.0 216.0 742.0 558.0 928.0 374.0 436.0 892.0 917.0 815.0 708.0 746.0 936.0 895.0 467.0 171.0 792.0 422.0 797.0 482.0 604.0 932.0 1169.0 109.0 669.0 840.0 871.0 707.0 105.0 1015.0 716.0 691.0 651.0 192.0 547.0 605.0 560.0 976.0 849.0 
306.0 164.0 720.0 408.0 223.0 343.0 293.0 476.0 742.0 740.0 184.0 628.0 255.0 274.0 378.0 575.0 190.0 568.0 387.0 200.0 353.0 923.0 514.0 180.0 617.0 190.0 634.0 384.0 223.0 524.0 699.0 126.0 765.0 468.0 642.0 609.0 303.0 785.0 631.0 561.0 542.0 310.0 244.0 889.0 641.0 794.0 818.0 262.0 421.0 295.0 192.0 655.0 748.0 494.0 274.0 566.0 668.0 201.0 179.0 187.0 177.0 699.0 559.0 483.0 415.0 578.0 659.0 709.0 431.0 442.0 280.0 619.0 413.0 81.0 702.0 0.0 727.0 42.0 663.0 675.0 113.0 164.0 726.0 871.0 62.0 220.0 71.0 487.0 943.0 146.0 672.0 355.0 360.0 213.0 215.0 630.0 472.0 965.0 311.0 296.0 236.0 659.0 618.0 506.0 224.0 246.0 598.0 491.0 731.0 694.0 726.0 154.0 218.0 259.0 696.0 404.0 57.0 126.0 61.0 512.0 368.0 302.0 394.0 331.0 409.0 
664.0 583.0 742.0 424.0 949.0 849.0 516.0 263.0 105.0 175.0 687.0 417.0 671.0 895.0 352.0 671.0 916.0 456.0 911.0 782.0 1057.0 391.0 874.0 752.0 196.0 871.0 102.0 508.0 647.0 310.0 822.0 852.0 501.0 635.0 153.0 327.0 434.0 121.0 560.0 362.0 453.0 529.0 862.0 443.0 921.0 466.0 143.0 734.0 309.0 476.0 537.0 74.0 1026.0 581.0 524.0 825.0 185.0 751.0 887.0 874.0 874.0 104.0 242.0 660.0 828.0 227.0 832.0 348.0 298.0 654.0 642.0 938.0 462.0 647.0 862.0 727.0 0.0 745.0 497.0 465.0 834.0 888.0 409.0 400.0 788.0 774.0 665.0 764.0 396.0 716.0 142.0 808.0 525.0 894.0 812.0 99.0 258.0 423.0 1017.0 572.0 708.0 965.0 110.0 450.0 951.0 611.0 259.0 367.0 440.0 767.0 232.0 709.0 651.0 967.0 772.0 611.0 783.0 841.0 744.0 782.0 419.0 444.0 389.0 1020.0 380.0 
281.0 169.0 696.0 407.0 206.0 304.0 289.0 490.0 765.0 766.0 157.0 623.0 296.0 300.0 394.0 552.0 173.0 559.0 347.0 235.0 355.0 924.0 478.0 143.0 643.0 207.0 655.0 375.0 202.0 528.0 671.0 119.0 756.0 446.0 667.0 642.0 329.0 798.0 616.0 559.0 534.0 347.0 272.0 886.0 606.0 788.0 831.0 229.0 442.0 298.0 216.0 673.0 712.0 477.0 310.0 534.0 695.0 239.0 148.0 150.0 142.0 722.0 567.0 459.0 378.0 605.0 628.0 708.0 448.0 418.0 258.0 583.0 408.0 110.0 672.0 42.0 745.0 0.0 701.0 667.0 116.0 144.0 721.0 870.0 53.0 257.0 106.0 456.0 945.0 114.0 697.0 318.0 350.0 229.0 247.0 649.0 488.0 967.0 314.0 336.0 206.0 623.0 636.0 499.0 211.0 230.0 604.0 524.0 767.0 669.0 732.0 194.0 259.0 229.0 670.0 445.0 51.0 97.0 22.0 481.0 371.0 311.0 399.0 340.0 440.0 
810.0 616.0 1085.0 658.0 851.0 952.0 661.0 503.0 412.0 347.0 751.0 799.0 447.0 664.0 488.0 966.0 821.0 798.0 1010.0 579.0 866.0 884.0 1066.0 796.0 310.0 700.0 424.0 725.0 743.0 635.0 1129.0 754.0 928.0 882.0 349.0 175.0 431.0 617.0 912.0 713.0 780.0 354.0 642.0 922.0 1162.0 911.0 638.0 834.0 421.0 608.0 519.0 482.0 1278.0 856.0 393.0 1064.0 313.0 548.0 839.0 849.0 839.0 395.0 592.0 909.0 983.0 296.0 1115.0 784.0 466.0 882.0 775.0 1160.0 702.0 596.0 1156.0 663.0 497.0 701.0 0.0 861.0 725.0 809.0 840.0 882.0 714.0 558.0 596.0 983.0 891.0 749.0 355.0 936.0 725.0 715.0 602.0 449.0 466.0 918.0 837.0 371.0 799.0 1196.0 464.0 755.0 842.0 725.0 644.0 225.0 104.0 1090.0 696.0 546.0 464.0 914.0 1094.0 295.0 709.0 785.0 714.0 1008.0 610.0 559.0 598.0 816.0 310.0 
429.0 518.0 284.0 279.0 853.0 586.0 383.0 364.0 564.0 625.0 529.0 63.0 784.0 935.0 417.0 260.0 825.0 108.0 635.0 833.0 1021.0 320.0 517.0 584.0 573.0 864.0 471.0 293.0 476.0 230.0 378.0 784.0 90.0 293.0 549.0 693.0 532.0 399.0 118.0 153.0 134.0 685.0 901.0 245.0 514.0 126.0 416.0 514.0 460.0 396.0 556.0 425.0 602.0 231.0 650.0 434.0 599.0 814.0 760.0 730.0 739.0 543.0 271.0 305.0 518.0 572.0 402.0 131.0 412.0 327.0 431.0 544.0 263.0 625.0 422.0 675.0 465.0 667.0 861.0 0.0 783.0 792.0 88.0 249.0 720.0 840.0 648.0 406.0 344.0 575.0 562.0 531.0 318.0 888.0 858.0 444.0 400.0 355.0 980.0 720.0 509.0 559.0 423.0 170.0 864.0 442.0 223.0 651.0 844.0 318.0 251.0 755.0 744.0 822.0 322.0 821.0 718.0 738.0 653.0 412.0 334.0 416.0 321.0 1005.0 592.0 
391.0 276.0 807.0 520.0 128.0 380.0 403.0 586.0 844.0 837.0 269.0 737.0 285.0 203.0 488.0 664.0 97.0 675.0 409.0 178.0 241.0 1035.0 565.0 240.0 714.0 101.0 739.0 490.0 317.0 636.0 775.0 31.0 872.0 558.0 742.0 693.0 404.0 896.0 731.0 672.0 649.0 380.0 183.0 1000.0 696.0 903.0 929.0 331.0 527.0 407.0 298.0 764.0 795.0 591.0 353.0 632.0 765.0 198.0 135.0 165.0 148.0 801.0 671.0 570.0 466.0 674.0 730.0 820.0 540.0 529.0 372.0 668.0 522.0 188.0 773.0 113.0 834.0 116.0 725.0 783.0 0.0 88.0 836.0 983.0 64.0 204.0 170.0 558.0 1056.0 223.0 772.0 406.0 465.0 120.0 177.0 737.0 581.0 1077.0 199.0 356.0 312.0 707.0 726.0 614.0 122.0 345.0 711.0 574.0 802.0 777.0 839.0 180.0 261.0 196.0 778.0 445.0 65.0 93.0 133.0 582.0 480.0 414.0 506.0 224.0 500.0 
378.0 312.0 784.0 543.0 64.0 327.0 424.0 633.0 906.0 904.0 264.0 752.0 372.0 270.0 538.0 646.0 34.0 685.0 346.0 264.0 240.0 1061.0 516.0 217.0 780.0 168.0 797.0 501.0 316.0 668.0 742.0 57.0 879.0 545.0 806.0 769.0 467.0 941.0 729.0 694.0 660.0 460.0 257.0 1019.0 647.0 915.0 975.0 304.0 584.0 438.0 355.0 816.0 740.0 586.0 429.0 592.0 832.0 285.0 58.0 97.0 78.0 863.0 709.0 553.0 420.0 741.0 693.0 843.0 591.0 512.0 365.0 615.0 539.0 245.0 735.0 164.0 888.0 144.0 809.0 792.0 88.0 0.0 852.0 1005.0 104.0 290.0 233.0 525.0 1083.0 218.0 836.0 362.0 475.0 177.0 259.0 792.0 632.0 1103.0 203.0 439.0 294.0 654.0 779.0 627.0 72.0 350.0 744.0 650.0 883.0 750.0 873.0 266.0 346.0 108.0 751.0 531.0 108.0 54.0 149.0 546.0 511.0 455.0 539.0 242.0 571.0 
500.0 564.0 362.0 319.0 914.0 664.0 433.0 359.0 512.0 577.0 591.0 101.0 809.0 977.0 429.0 347.0 884.0 173.0 716.0 870.0 1076.0 235.0 603.0 650.0 540.0 911.0 431.0 351.0 539.0 233.0 461.0 839.0 93.0 374.0 511.0 667.0 548.0 329.0 205.0 170.0 195.0 699.0 942.0 169.0 601.0 77.0 341.0 586.0 460.0 436.0 589.0 380.0 687.0 312.0 668.0 521.0 560.0 849.0 824.0 795.0 804.0 496.0 253.0 389.0 601.0 545.0 488.0 61.0 413.0 408.0 498.0 631.0 314.0 668.0 506.0 726.0 409.0 721.0 840.0 88.0 836.0 852.0 0.0 165.0 774.0 875.0 692.0 492.0 259.0 636.0 520.0 611.0 377.0 936.0 897.0 404.0 393.0 271.0 1034.0 737.0 577.0 646.0 385.0 226.0 923.0 503.0 197.0 640.0 812.0 400.0 182.0 791.0 772.0 889.0 404.0 829.0 771.0 798.0 709.0 499.0 367.0 447.0 348.0 1057.0 592.0 
662.0 708.0 495.0 464.0 1068.0 829.0 582.0 453.0 503.0 575.0 748.0 263.0 926.0 1110.0 540.0 505.0 1037.0 336.0 881.0 1000.0 1223.0 74.0 764.0 809.0 573.0 1052.0 458.0 508.0 696.0 353.0 601.0 989.0 202.0 539.0 536.0 707.0 660.0 288.0 361.0 312.0 357.0 803.0 1076.0 44.0 753.0 142.0 284.0 748.0 553.0 577.0 719.0 401.0 830.0 476.0 778.0 678.0 578.0 976.0 980.0 953.0 961.0 501.0 342.0 553.0 765.0 590.0 635.0 163.0 510.0 573.0 659.0 785.0 468.0 808.0 647.0 871.0 400.0 870.0 882.0 249.0 983.0 1005.0 165.0 0.0 922.0 1002.0 831.0 654.0 97.0 792.0 535.0 775.0 534.0 1077.0 1029.0 434.0 481.0 107.0 1181.0 844.0 738.0 797.0 421.0 385.0 1076.0 659.0 289.0 707.0 836.0 539.0 189.0 921.0 892.0 1048.0 543.0 923.0 920.0 951.0 860.0 660.0 505.0 579.0 481.0 1201.0 677.0 
329.0 218.0 745.0 459.0 162.0 332.0 341.0 535.0 803.0 801.0 206.0 675.0 290.0 256.0 438.0 601.0 129.0 612.0 368.0 207.0 303.0 976.0 513.0 182.0 677.0 159.0 695.0 427.0 253.0 578.0 715.0 67.0 809.0 495.0 703.0 667.0 364.0 844.0 668.0 611.0 586.0 362.0 231.0 939.0 643.0 841.0 877.0 271.0 482.0 348.0 253.0 716.0 745.0 528.0 329.0 575.0 729.0 218.0 125.0 141.0 128.0 760.0 616.0 508.0 414.0 638.0 672.0 760.0 491.0 467.0 309.0 617.0 460.0 142.0 715.0 62.0 788.0 53.0 714.0 720.0 64.0 104.0 774.0 922.0 0.0 231.0 130.0 499.0 997.0 161.0 733.0 353.0 402.0 180.0 214.0 691.0 532.0 1018.0 261.0 345.0 251.0 657.0 678.0 551.0 164.0 282.0 654.0 548.0 785.0 716.0 782.0 183.0 258.0 202.0 717.0 446.0 6.0 71.0 69.0 524.0 421.0 359.0 449.0 287.0 469.0 
518.0 332.0 925.0 561.0 313.0 559.0 465.0 562.0 759.0 736.0 399.0 785.0 116.0 122.0 467.0 780.0 290.0 735.0 598.0 26.0 312.0 1044.0 734.0 399.0 618.0 146.0 673.0 562.0 432.0 651.0 912.0 234.0 929.0 672.0 654.0 564.0 352.0 858.0 815.0 706.0 709.0 254.0 91.0 1027.0 861.0 949.0 891.0 481.0 476.0 445.0 287.0 711.0 967.0 688.0 250.0 784.0 665.0 27.0 338.0 365.0 349.0 718.0 666.0 690.0 634.0 577.0 874.0 846.0 507.0 649.0 489.0 839.0 580.0 227.0 918.0 220.0 774.0 257.0 558.0 840.0 204.0 290.0 875.0 1002.0 231.0 0.0 205.0 704.0 1061.0 365.0 683.0 574.0 542.0 158.0 45.0 678.0 545.0 1086.0 280.0 215.0 453.0 878.0 673.0 673.0 300.0 447.0 715.0 452.0 646.0 903.0 835.0 86.0 124.0 396.0 905.0 265.0 227.0 291.0 278.0 730.0 509.0 428.0 527.0 265.0 401.0 
316.0 131.0 721.0 373.0 289.0 387.0 267.0 419.0 675.0 672.0 204.0 597.0 208.0 288.0 320.0 576.0 256.0 542.0 437.0 191.0 401.0 879.0 547.0 221.0 548.0 223.0 570.0 363.0 230.0 480.0 710.0 189.0 738.0 468.0 574.0 539.0 236.0 728.0 615.0 524.0 515.0 242.0 254.0 851.0 669.0 763.0 761.0 291.0 357.0 256.0 128.0 594.0 779.0 485.0 205.0 587.0 600.0 181.0 249.0 255.0 246.0 633.0 509.0 486.0 448.0 509.0 674.0 670.0 371.0 445.0 286.0 651.0 386.0 24.0 718.0 71.0 665.0 106.0 596.0 648.0 170.0 233.0 692.0 831.0 130.0 205.0 0.0 505.0 899.0 178.0 605.0 390.0 342.0 247.0 214.0 567.0 412.0 922.0 359.0 232.0 259.0 691.0 556.0 479.0 288.0 243.0 552.0 420.0 662.0 699.0 678.0 123.0 166.0 329.0 702.0 346.0 125.0 196.0 119.0 532.0 327.0 253.0 350.0 372.0 340.0 
192.0 403.0 271.0 353.0 572.0 221.0 323.0 536.0 837.0 877.0 305.0 406.0 706.0 755.0 505.0 159.0 555.0 337.0 251.0 686.0 763.0 725.0 115.0 319.0 778.0 658.0 719.0 271.0 277.0 454.0 218.0 544.0 468.0 130.0 776.0 853.0 556.0 745.0 296.0 414.0 328.0 679.0 728.0 648.0 180.0 523.0 771.0 228.0 578.0 375.0 495.0 699.0 296.0 191.0 633.0 85.0 823.0 682.0 474.0 435.0 451.0 802.0 522.0 108.0 129.0 757.0 173.0 519.0 543.0 111.0 225.0 181.0 309.0 487.0 216.0 487.0 764.0 456.0 983.0 406.0 558.0 525.0 492.0 654.0 499.0 704.0 505.0 0.0 749.0 343.0 801.0 170.0 264.0 677.0 701.0 697.0 563.0 760.0 727.0 693.0 252.0 215.0 676.0 319.0 589.0 276.0 515.0 761.0 1008.0 230.0 614.0 627.0 662.0 508.0 230.0 815.0 501.0 479.0 435.0 27.0 385.0 425.0 406.0 766.0 673.0 
749.0 780.0 590.0 540.0 1146.0 920.0 660.0 502.0 492.0 564.0 830.0 353.0 978.0 1173.0 595.0 601.0 1115.0 426.0 973.0 1061.0 1295.0 24.0 860.0 892.0 583.0 1121.0 471.0 592.0 778.0 420.0 696.0 1063.0 298.0 632.0 543.0 718.0 713.0 276.0 458.0 391.0 445.0 849.0 1138.0 119.0 849.0 238.0 261.0 835.0 598.0 649.0 782.0 414.0 925.0 569.0 829.0 774.0 580.0 1035.0 1061.0 1036.0 1042.0 499.0 396.0 647.0 859.0 606.0 731.0 245.0 559.0 665.0 744.0 882.0 549.0 876.0 742.0 943.0 396.0 945.0 891.0 344.0 1056.0 1083.0 259.0 97.0 997.0 1061.0 899.0 749.0 0.0 873.0 537.0 867.0 618.0 1145.0 1090.0 450.0 526.0 28.0 1254.0 891.0 823.0 894.0 440.0 471.0 1153.0 741.0 348.0 734.0 835.0 634.0 228.0 982.0 947.0 1131.0 638.0 961.0 994.0 1030.0 936.0 755.0 576.0 646.0 550.0 1270.0 715.0 
169.0 144.0 584.0 335.0 278.0 211.0 216.0 454.0 751.0 763.0 48.0 536.0 385.0 414.0 369.0 441.0 250.0 468.0 264.0 345.0 452.0 851.0 371.0 47.0 643.0 320.0 634.0 285.0 99.0 464.0 557.0 216.0 662.0 335.0 660.0 666.0 338.0 753.0 513.0 483.0 444.0 403.0 386.0 804.0 497.0 699.0 785.0 117.0 430.0 243.0 233.0 643.0 605.0 371.0 359.0 421.0 695.0 345.0 189.0 165.0 170.0 709.0 513.0 347.0 272.0 608.0 515.0 630.0 423.0 306.0 150.0 476.0 325.0 166.0 558.0 146.0 716.0 114.0 749.0 575.0 223.0 218.0 636.0 792.0 161.0 365.0 178.0 343.0 873.0 0.0 690.0 213.0 259.0 341.0 359.0 624.0 461.0 892.0 412.0 402.0 92.0 516.0 608.0 411.0 289.0 134.0 542.0 551.0 803.0 555.0 670.0 293.0 343.0 261.0 557.0 520.0 161.0 164.0 94.0 368.0 311.0 273.0 341.0 443.0 462.0 
672.0 548.0 824.0 449.0 894.0 850.0 514.0 266.0 78.0 77.0 669.0 506.0 572.0 805.0 325.0 733.0 860.0 529.0 913.0 694.0 980.0 531.0 905.0 730.0 66.0 794.0 91.0 532.0 637.0 365.0 892.0 793.0 612.0 677.0 31.0 187.0 370.0 262.0 641.0 434.0 519.0 430.0 773.0 577.0 970.0 584.0 284.0 729.0 261.0 465.0 482.0 141.0 1080.0 632.0 436.0 870.0 44.0 661.0 843.0 837.0 834.0 43.0 302.0 705.0 845.0 107.0 893.0 460.0 273.0 691.0 644.0 980.0 492.0 591.0 928.0 672.0 142.0 697.0 355.0 562.0 772.0 836.0 520.0 535.0 733.0 683.0 605.0 801.0 537.0 690.0 0.0 815.0 544.0 816.0 723.0 118.0 243.0 564.0 942.0 471.0 699.0 1011.0 140.0 507.0 892.0 605.0 340.0 245.0 302.0 842.0 355.0 627.0 560.0 925.0 846.0 490.0 728.0 794.0 700.0 822.0 425.0 423.0 399.0 939.0 282.0 
145.0 322.0 440.0 385.0 406.0 55.0 302.0 554.0 865.0 892.0 192.0 514.0 597.0 608.0 494.0 317.0 391.0 441.0 108.0 553.0 597.0 843.0 161.0 175.0 780.0 507.0 744.0 304.0 194.0 511.0 384.0 388.0 606.0 241.0 787.0 830.0 508.0 814.0 436.0 495.0 424.0 602.0 584.0 776.0 291.0 655.0 843.0 104.0 566.0 353.0 420.0 737.0 394.0 301.0 556.0 231.0 830.0 555.0 309.0 269.0 286.0 825.0 575.0 235.0 61.0 751.0 334.0 625.0 543.0 206.0 172.0 266.0 351.0 377.0 374.0 355.0 808.0 318.0 936.0 531.0 406.0 362.0 611.0 775.0 353.0 574.0 390.0 170.0 867.0 213.0 815.0 0.0 284.0 524.0 564.0 727.0 573.0 881.0 562.0 607.0 138.0 305.0 708.0 402.0 423.0 216.0 583.0 724.0 978.0 400.0 700.0 505.0 555.0 338.0 400.0 727.0 355.0 321.0 296.0 188.0 393.0 400.0 422.0 603.0 633.0 
143.0 211.0 396.0 102.0 537.0 328.0 81.0 279.0 588.0 621.0 214.0 277.0 508.0 627.0 242.0 257.0 508.0 211.0 389.0 531.0 704.0 595.0 362.0 275.0 518.0 549.0 467.0 27.0 162.0 229.0 414.0 466.0 407.0 160.0 518.0 590.0 306.0 532.0 274.0 229.0 185.0 446.0 594.0 545.0 441.0 440.0 563.0 223.0 315.0 123.0 276.0 456.0 556.0 152.0 402.0 342.0 564.0 517.0 447.0 420.0 427.0 550.0 292.0 186.0 304.0 494.0 394.0 373.0 281.0 158.0 129.0 444.0 72.0 318.0 436.0 360.0 525.0 350.0 725.0 318.0 465.0 475.0 377.0 534.0 402.0 542.0 342.0 264.0 618.0 259.0 544.0 284.0 0.0 573.0 555.0 448.0 303.0 636.0 663.0 470.0 207.0 478.0 428.0 152.0 547.0 126.0 305.0 501.0 746.0 386.0 427.0 457.0 465.0 515.0 389.0 587.0 401.0 421.0 335.0 288.0 122.0 169.0 146.0 689.0 416.0 
509.0 372.0 924.0 618.0 175.0 496.0 505.0 660.0 891.0 875.0 386.0 839.0 270.0 94.0 562.0 781.0 163.0 780.0 520.0 137.0 165.0 1126.0 683.0 359.0 754.0 25.0 795.0 597.0 431.0 726.0 894.0 137.0 978.0 675.0 787.0 712.0 461.0 967.0 843.0 769.0 754.0 397.0 89.0 1097.0 813.0 1005.0 1000.0 450.0 588.0 501.0 368.0 826.0 911.0 705.0 382.0 751.0 803.0 169.0 234.0 271.0 253.0 849.0 754.0 688.0 584.0 713.0 849.0 916.0 609.0 646.0 487.0 785.0 625.0 270.0 892.0 213.0 894.0 229.0 715.0 888.0 120.0 177.0 936.0 1077.0 180.0 158.0 247.0 677.0 1145.0 341.0 816.0 524.0 573.0 0.0 115.0 796.0 649.0 1168.0 127.0 362.0 430.0 824.0 788.0 718.0 158.0 457.0 798.0 597.0 802.0 895.0 924.0 190.0 264.0 269.0 897.0 422.0 180.0 206.0 248.0 701.0 573.0 500.0 597.0 127.0 536.0 
519.0 344.0 930.0 581.0 277.0 545.0 479.0 594.0 799.0 778.0 398.0 805.0 160.0 85.0 497.0 785.0 256.0 753.0 581.0 30.0 268.0 1072.0 725.0 390.0 659.0 105.0 711.0 576.0 435.0 676.0 913.0 205.0 948.0 677.0 694.0 607.0 385.0 893.0 828.0 728.0 726.0 296.0 50.0 1052.0 853.0 970.0 926.0 476.0 511.0 464.0 311.0 747.0 957.0 698.0 289.0 780.0 706.0 62.0 311.0 341.0 324.0 758.0 695.0 694.0 625.0 618.0 873.0 871.0 539.0 653.0 492.0 829.0 597.0 237.0 917.0 215.0 812.0 247.0 602.0 858.0 177.0 259.0 897.0 1029.0 214.0 45.0 214.0 701.0 1090.0 359.0 723.0 564.0 555.0 115.0 0.0 715.0 578.0 1114.0 236.0 258.0 450.0 869.0 709.0 690.0 262.0 452.0 743.0 495.0 690.0 907.0 865.0 109.0 164.0 363.0 909.0 308.0 211.0 267.0 269.0 727.0 530.0 451.0 550.0 221.0 441.0 
583.0 488.0 707.0 349.0 852.0 766.0 430.0 175.0 141.0 187.0 597.0 388.0 576.0 799.0 257.0 620.0 819.0 413.0 829.0 685.0 959.0 440.0 805.0 661.0 140.0 773.0 28.0 433.0 560.0 252.0 778.0 754.0 496.0 571.0 108.0 274.0 336.0 191.0 524.0 318.0 404.0 435.0 765.0 474.0 862.0 471.0 221.0 648.0 211.0 387.0 440.0 37.0 971.0 522.0 428.0 764.0 156.0 654.0 791.0 780.0 779.0 106.0 186.0 598.0 752.0 157.0 781.0 345.0 202.0 587.0 558.0 875.0 390.0 550.0 815.0 630.0 99.0 649.0 449.0 444.0 737.0 792.0 404.0 434.0 691.0 678.0 567.0 697.0 450.0 624.0 118.0 727.0 448.0 796.0 715.0 0.0 163.0 477.0 919.0 478.0 621.0 904.0 23.0 394.0 853.0 525.0 222.0 287.0 410.0 726.0 248.0 612.0 555.0 872.0 731.0 525.0 686.0 745.0 649.0 718.0 335.0 351.0 306.0 923.0 287.0 
430.0 325.0 622.0 212.0 693.0 609.0 273.0 37.0 294.0 319.0 435.0 337.0 454.0 662.0 95.0 513.0 660.0 332.0 672.0 548.0 809.0 510.0 665.0 499.0 216.0 625.0 175.0 293.0 399.0 171.0 676.0 597.0 474.0 445.0 216.0 307.0 193.0 318.0 447.0 249.0 315.0 324.0 627.0 513.0 736.0 469.0 351.0 490.0 73.0 226.0 285.0 185.0 850.0 406.0 304.0 637.0 261.0 519.0 629.0 617.0 617.0 253.0 142.0 472.0 603.0 197.0 670.0 345.0 41.0 454.0 402.0 744.0 258.0 393.0 708.0 472.0 258.0 488.0 466.0 400.0 581.0 632.0 393.0 481.0 532.0 545.0 412.0 563.0 526.0 461.0 243.0 573.0 303.0 649.0 578.0 163.0 0.0 551.0 768.0 366.0 461.0 776.0 148.0 293.0 695.0 365.0 199.0 252.0 464.0 632.0 299.0 471.0 426.0 710.0 636.0 443.0 528.0 584.0 487.0 586.0 183.0 188.0 158.0 776.0 200.0 
766.0 802.0 592.0 561.0 1166.0 935.0 680.0 527.0 519.0 591.0 849.0 368.0 1003.0 1197.0 620.0 610.0 1135.0 441.0 987.0 1086.0 1317.0 43.0 870.0 910.0 611.0 1144.0 498.0 610.0 797.0 443.0 700.0 1085.0 302.0 645.0 570.0 745.0 738.0 303.0 467.0 410.0 461.0 875.0 1162.0 120.0 855.0 243.0 287.0 852.0 624.0 671.0 806.0 441.0 929.0 582.0 854.0 782.0 607.0 1060.0 1081.0 1055.0 1062.0 526.0 421.0 659.0 872.0 633.0 735.0 263.0 585.0 679.0 762.0 888.0 568.0 899.0 746.0 965.0 423.0 967.0 918.0 355.0 1077.0 1103.0 271.0 107.0 1018.0 1086.0 922.0 760.0 28.0 892.0 564.0 881.0 636.0 1168.0 1114.0 477.0 551.0 0.0 1276.0 917.0 841.0 900.0 468.0 489.0 1174.0 760.0 372.0 761.0 861.0 637.0 253.0 1006.0 972.0 1150.0 642.0 987.0 1015.0 1050.0 957.0 765.0 598.0 669.0 572.0 1293.0 741.0 
577.0 475.0 987.0 718.0 159.0 524.0 602.0 777.0 1016.0 1002.0 459.0 936.0 394.0 180.0 679.0 847.0 173.0 873.0 534.0 261.0 42.0 1233.0 713.0 417.0 880.0 148.0 919.0 688.0 509.0 834.0 944.0 197.0 1069.0 745.0 912.0 839.0 583.0 1086.0 925.0 871.0 847.0 523.0 196.0 1199.0 843.0 1101.0 1119.0 506.0 709.0 605.0 485.0 948.0 931.0 783.0 508.0 793.0 929.0 294.0 254.0 294.0 277.0 974.0 867.0 754.0 619.0 839.0 895.0 1019.0 728.0 713.0 562.0 810.0 721.0 380.0 936.0 311.0 1017.0 314.0 837.0 980.0 199.0 203.0 1034.0 1181.0 261.0 280.0 359.0 727.0 1254.0 412.0 942.0 562.0 663.0 127.0 236.0 919.0 768.0 1276.0 0.0 488.0 494.0 847.0 910.0 812.0 141.0 540.0 908.0 724.0 925.0 953.0 1035.0 316.0 391.0 248.0 954.0 543.0 263.0 252.0 328.0 748.0 678.0 610.0 704.0 50.0 662.0 
504.0 292.0 865.0 450.0 482.0 612.0 390.0 392.0 548.0 522.0 415.0 659.0 102.0 336.0 309.0 725.0 452.0 625.0 665.0 230.0 523.0 875.0 754.0 447.0 406.0 343.0 470.0 482.0 423.0 504.0 878.0 384.0 805.0 623.0 444.0 351.0 189.0 665.0 723.0 572.0 600.0 44.0 306.0 874.0 868.0 813.0 697.0 504.0 293.0 349.0 199.0 513.0 982.0 620.0 71.0 778.0 452.0 197.0 469.0 482.0 470.0 508.0 502.0 647.0 661.0 365.0 851.0 698.0 334.0 611.0 469.0 856.0 482.0 238.0 895.0 296.0 572.0 336.0 371.0 720.0 356.0 439.0 737.0 844.0 345.0 215.0 232.0 693.0 891.0 402.0 471.0 607.0 470.0 362.0 258.0 478.0 366.0 917.0 488.0 0.0 469.0 895.0 476.0 566.0 474.0 419.0 556.0 238.0 447.0 855.0 664.0 180.0 99.0 544.0 858.0 123.0 340.0 415.0 351.0 720.0 393.0 313.0 400.0 478.0 193.0 
84.0 184.0 495.0 298.0 351.0 155.0 192.0 446.0 755.0 775.0 56.0 477.0 465.0 505.0 375.0 354.0 327.0 406.0 217.0 435.0 533.0 800.0 288.0 78.0 659.0 410.0 634.0 232.0 63.0 430.0 466.0 302.0 594.0 251.0 670.0 699.0 374.0 730.0 437.0 435.0 383.0 464.0 477.0 746.0 410.0 634.0 761.0 35.0 443.0 235.0 282.0 635.0 521.0 293.0 418.0 331.0 710.0 433.0 255.0 222.0 233.0 713.0 487.0 260.0 192.0 628.0 424.0 578.0 427.0 219.0 80.0 392.0 277.0 243.0 467.0 236.0 708.0 206.0 799.0 509.0 312.0 294.0 577.0 738.0 251.0 453.0 259.0 252.0 823.0 92.0 699.0 138.0 207.0 430.0 450.0 621.0 461.0 841.0 494.0 469.0 0.0 432.0 603.0 353.0 365.0 97.0 507.0 590.0 844.0 465.0 632.0 379.0 422.0 314.0 467.0 591.0 251.0 243.0 185.0 277.0 290.0 277.0 321.0 529.0 499.0 
393.0 603.0 320.0 564.0 688.0 328.0 536.0 747.0 1044.0 1086.0 488.0 577.0 897.0 910.0 719.0 303.0 679.0 518.0 314.0 857.0 877.0 870.0 145.0 480.0 991.0 808.0 927.0 484.0 473.0 656.0 213.0 687.0 598.0 334.0 987.0 1067.0 768.0 934.0 442.0 606.0 516.0 884.0 887.0 781.0 46.0 657.0 957.0 401.0 792.0 589.0 700.0 903.0 89.0 384.0 838.0 141.0 1035.0 860.0 597.0 558.0 576.0 1010.0 724.0 307.0 245.0 970.0 166.0 686.0 757.0 323.0 428.0 40.0 520.0 675.0 171.0 659.0 965.0 623.0 1196.0 559.0 707.0 654.0 646.0 797.0 657.0 878.0 691.0 215.0 894.0 516.0 1011.0 305.0 478.0 824.0 869.0 904.0 776.0 900.0 847.0 895.0 432.0 0.0 883.0 515.0 707.0 480.0 709.0 975.0 1223.0 270.0 794.0 808.0 853.0 604.0 267.0 1017.0 659.0 619.0 601.0 191.0 599.0 639.0 619.0 891.0 887.0 
564.0 473.0 685.0 328.0 840.0 747.0 412.0 157.0 162.0 209.0 580.0 367.0 573.0 793.0 243.0 598.0 806.0 391.0 809.0 679.0 950.0 430.0 783.0 645.0 157.0 764.0 49.0 412.0 542.0 230.0 756.0 743.0 477.0 550.0 127.0 289.0 327.0 190.0 502.0 296.0 382.0 433.0 759.0 460.0 840.0 453.0 221.0 630.0 201.0 369.0 429.0 39.0 949.0 500.0 424.0 742.0 176.0 649.0 777.0 765.0 765.0 129.0 164.0 576.0 731.0 170.0 759.0 326.0 188.0 566.0 539.0 853.0 369.0 539.0 792.0 618.0 110.0 636.0 464.0 423.0 726.0 779.0 385.0 421.0 678.0 673.0 556.0 676.0 440.0 608.0 140.0 708.0 428.0 788.0 709.0 23.0 148.0 468.0 910.0 476.0 603.0 883.0 0.0 372.0 841.0 506.0 201.0 294.0 428.0 704.0 233.0 605.0 550.0 857.0 709.0 528.0 674.0 732.0 635.0 696.0 316.0 335.0 286.0 915.0 287.0 
278.0 349.0 330.0 117.0 688.0 453.0 214.0 258.0 532.0 580.0 365.0 126.0 622.0 766.0 278.0 227.0 659.0 63.0 509.0 665.0 853.0 449.0 432.0 424.0 498.0 694.0 418.0 126.0 313.0 143.0 387.0 616.0 260.0 189.0 486.0 599.0 382.0 427.0 162.0 96.0 37.0 534.0 732.0 394.0 472.0 290.0 453.0 364.0 336.0 229.0 391.0 390.0 578.0 132.0 496.0 376.0 536.0 647.0 598.0 570.0 578.0 500.0 211.0 213.0 404.0 486.0 387.0 227.0 290.0 215.0 274.0 489.0 94.0 455.0 422.0 506.0 450.0 499.0 755.0 170.0 614.0 627.0 226.0 385.0 551.0 673.0 479.0 319.0 471.0 411.0 507.0 402.0 152.0 718.0 690.0 394.0 293.0 489.0 812.0 566.0 353.0 515.0 372.0 0.0 698.0 277.0 197.0 535.0 756.0 340.0 300.0 587.0 581.0 664.0 344.0 674.0 549.0 573.0 485.0 335.0 173.0 255.0 169.0 836.0 463.0 
449.0 379.0 852.0 614.0 20.0 384.0 495.0 698.0 963.0 958.0 336.0 823.0 397.0 250.0 602.0 715.0 39.0 757.0 395.0 274.0 174.0 1132.0 572.0 287.0 835.0 159.0 857.0 573.0 388.0 737.0 805.0 100.0 951.0 615.0 862.0 814.0 524.0 1007.0 800.0 765.0 732.0 501.0 246.0 1090.0 703.0 987.0 1040.0 373.0 644.0 508.0 415.0 879.0 791.0 657.0 474.0 653.0 886.0 301.0 115.0 155.0 138.0 921.0 777.0 622.0 479.0 795.0 756.0 914.0 654.0 582.0 437.0 670.0 610.0 304.0 797.0 224.0 951.0 211.0 842.0 864.0 122.0 72.0 923.0 1076.0 164.0 300.0 288.0 589.0 1153.0 289.0 892.0 423.0 547.0 158.0 262.0 853.0 695.0 1174.0 141.0 474.0 365.0 707.0 841.0 698.0 0.0 422.0 814.0 696.0 921.0 817.0 942.0 296.0 378.0 116.0 817.0 556.0 168.0 126.0 218.0 610.0 580.0 521.0 608.0 185.0 622.0 
87.0 128.0 479.0 207.0 412.0 245.0 96.0 351.0 659.0 681.0 90.0 402.0 434.0 519.0 281.0 334.0 383.0 335.0 308.0 432.0 581.0 718.0 343.0 153.0 567.0 434.0 539.0 152.0 39.0 338.0 471.0 344.0 530.0 226.0 576.0 614.0 295.0 635.0 387.0 351.0 310.0 405.0 487.0 670.0 450.0 565.0 667.0 125.0 352.0 140.0 221.0 539.0 566.0 249.0 359.0 360.0 617.0 423.0 322.0 296.0 303.0 618.0 393.0 244.0 258.0 537.0 437.0 497.0 332.0 204.0 52.0 441.0 192.0 221.0 482.0 246.0 611.0 230.0 725.0 442.0 345.0 350.0 503.0 659.0 282.0 447.0 243.0 276.0 741.0 134.0 605.0 216.0 126.0 457.0 452.0 525.0 365.0 760.0 540.0 419.0 97.0 480.0 506.0 277.0 422.0 0.0 416.0 510.0 763.0 457.0 543.0 364.0 390.0 391.0 460.0 541.0 281.0 297.0 213.0 302.0 194.0 185.0 225.0 568.0 419.0 
447.0 436.0 488.0 210.0 807.0 631.0 326.0 167.0 350.0 406.0 503.0 166.0 637.0 826.0 251.0 413.0 775.0 198.0 690.0 714.0 950.0 329.0 628.0 568.0 350.0 773.0 249.0 282.0 455.0 78.0 564.0 721.0 284.0 385.0 326.0 473.0 372.0 233.0 304.0 104.0 195.0 516.0 791.0 318.0 666.0 272.0 261.0 527.0 269.0 307.0 434.0 207.0 769.0 327.0 490.0 571.0 376.0 689.0 728.0 706.0 711.0 324.0 57.0 409.0 594.0 352.0 573.0 147.0 224.0 409.0 432.0 684.0 234.0 529.0 604.0 598.0 259.0 604.0 644.0 223.0 711.0 744.0 197.0 289.0 654.0 715.0 552.0 515.0 348.0 542.0 340.0 583.0 305.0 798.0 743.0 222.0 199.0 372.0 908.0 556.0 507.0 709.0 201.0 197.0 814.0 416.0 0.0 443.0 622.0 510.0 129.0 635.0 603.0 802.0 514.0 640.0 651.0 692.0 596.0 531.0 234.0 299.0 206.0 924.0 398.0 
592.0 411.0 863.0 435.0 701.0 745.0 440.0 288.0 322.0 287.0 545.0 588.0 338.0 573.0 264.0 742.0 669.0 580.0 805.0 467.0 760.0 723.0 847.0 597.0 180.0 577.0 270.0 501.0 531.0 422.0 905.0 600.0 724.0 658.0 221.0 120.0 217.0 477.0 693.0 500.0 561.0 201.0 543.0 744.0 940.0 715.0 505.0 624.0 199.0 386.0 320.0 324.0 1056.0 632.0 222.0 841.0 219.0 434.0 669.0 672.0 665.0 286.0 388.0 685.0 767.0 142.0 891.0 588.0 246.0 659.0 558.0 939.0 478.0 414.0 932.0 491.0 367.0 524.0 225.0 651.0 574.0 650.0 640.0 707.0 548.0 452.0 420.0 761.0 734.0 551.0 245.0 724.0 501.0 597.0 495.0 287.0 252.0 761.0 724.0 238.0 590.0 975.0 294.0 535.0 696.0 510.0 443.0 0.0 255.0 867.0 519.0 410.0 334.0 749.0 871.0 246.0 543.0 616.0 533.0 786.0 386.0 337.0 375.0 715.0 91.0 
845.0 664.0 1085.0 669.0 929.0 999.0 690.0 499.0 345.0 274.0 799.0 784.0 533.0 757.0 505.0 975.0 898.0 792.0 1059.0 666.0 957.0 830.0 1098.0 849.0 273.0 786.0 384.0 743.0 785.0 626.0 1138.0 830.0 903.0 899.0 304.0 158.0 471.0 559.0 907.0 702.0 776.0 424.0 732.0 878.0 1186.0 881.0 577.0 879.0 433.0 636.0 571.0 439.0 1301.0 866.0 457.0 1087.0 259.0 634.0 909.0 916.0 907.0 337.0 574.0 927.0 1021.0 273.0 1130.0 754.0 473.0 903.0 811.0 1188.0 714.0 659.0 1169.0 731.0 440.0 767.0 104.0 844.0 802.0 883.0 812.0 836.0 785.0 646.0 662.0 1008.0 835.0 803.0 302.0 978.0 746.0 802.0 690.0 410.0 464.0 861.0 925.0 447.0 844.0 1223.0 428.0 756.0 921.0 763.0 622.0 255.0 0.0 1095.0 656.0 626.0 544.0 987.0 1099.0 387.0 780.0 855.0 778.0 1033.0 627.0 587.0 610.0 907.0 346.0 
389.0 580.0 51.0 433.0 800.0 450.0 465.0 597.0 859.0 913.0 512.0 353.0 886.0 967.0 604.0 130.0 781.0 314.0 472.0 888.0 990.0 611.0 295.0 539.0 837.0 874.0 752.0 377.0 473.0 478.0 63.0 765.0 337.0 234.0 823.0 938.0 689.0 714.0 209.0 409.0 324.0 831.0 938.0 519.0 228.0 397.0 732.0 448.0 670.0 508.0 659.0 716.0 292.0 238.0 788.0 191.0 873.0 880.0 702.0 663.0 679.0 831.0 541.0 214.0 354.0 826.0 105.0 449.0 625.0 255.0 416.0 269.0 390.0 678.0 109.0 694.0 767.0 669.0 1090.0 318.0 777.0 750.0 400.0 539.0 716.0 903.0 699.0 230.0 634.0 555.0 842.0 400.0 386.0 895.0 907.0 726.0 632.0 637.0 953.0 855.0 465.0 270.0 704.0 340.0 817.0 457.0 510.0 867.0 1095.0 0.0 567.0 821.0 842.0 738.0 5.0 973.0 716.0 703.0 648.0 214.0 484.0 551.0 493.0 990.0 788.0 
568.0 564.0 535.0 336.0 936.0 749.0 454.0 275.0 336.0 405.0 630.0 218.0 751.0 948.0 369.0 491.0 904.0 279.0 807.0 836.0 1077.0 212.0 728.0 695.0 388.0 899.0 274.0 403.0 581.0 206.0 626.0 849.0 272.0 486.0 353.0 521.0 486.0 149.0 360.0 205.0 287.0 622.0 913.0 228.0 749.0 234.0 166.0 650.0 371.0 435.0 558.0 217.0 844.0 424.0 601.0 659.0 397.0 809.0 856.0 834.0 839.0 326.0 171.0 507.0 704.0 402.0 645.0 123.0 332.0 513.0 555.0 773.0 356.0 656.0 669.0 726.0 232.0 732.0 696.0 251.0 839.0 873.0 182.0 189.0 782.0 835.0 678.0 614.0 228.0 670.0 355.0 700.0 427.0 924.0 865.0 248.0 299.0 253.0 1035.0 664.0 632.0 794.0 233.0 300.0 942.0 543.0 129.0 519.0 656.0 567.0 0.0 757.0 720.0 930.0 571.0 737.0 779.0 821.0 725.0 627.0 363.0 426.0 334.0 1050.0 491.0 
438.0 247.0 842.0 476.0 305.0 496.0 379.0 486.0 702.0 686.0 323.0 700.0 108.0 192.0 389.0 697.0 276.0 650.0 540.0 80.0 354.0 964.0 664.0 331.0 565.0 169.0 609.0 477.0 352.0 569.0 832.0 210.0 844.0 589.0 598.0 526.0 279.0 787.0 730.0 622.0 623.0 210.0 157.0 945.0 788.0 865.0 820.0 409.0 405.0 359.0 203.0 643.0 897.0 604.0 193.0 708.0 614.0 60.0 304.0 324.0 310.0 661.0 587.0 608.0 564.0 524.0 796.0 764.0 432.0 567.0 408.0 768.0 494.0 144.0 840.0 154.0 709.0 194.0 546.0 755.0 180.0 266.0 791.0 921.0 183.0 86.0 123.0 627.0 982.0 293.0 627.0 505.0 457.0 190.0 109.0 612.0 471.0 1006.0 316.0 180.0 379.0 808.0 605.0 587.0 296.0 364.0 635.0 410.0 626.0 821.0 757.0 0.0 82.0 374.0 823.0 266.0 179.0 252.0 214.0 653.0 425.0 344.0 444.0 313.0 346.0 
470.0 264.0 858.0 466.0 387.0 552.0 385.0 446.0 636.0 615.0 366.0 686.0 45.0 246.0 353.0 715.0 358.0 643.0 601.0 135.0 426.0 930.0 710.0 386.0 496.0 245.0 550.0 482.0 385.0 543.0 859.0 291.0 832.0 609.0 531.0 448.0 234.0 737.0 732.0 603.0 617.0 133.0 213.0 919.0 830.0 847.0 769.0 454.0 356.0 354.0 191.0 588.0 942.0 616.0 127.0 745.0 543.0 102.0 382.0 399.0 385.0 595.0 552.0 630.0 613.0 455.0 826.0 739.0 389.0 591.0 438.0 814.0 491.0 179.0 871.0 218.0 651.0 259.0 464.0 744.0 261.0 346.0 772.0 892.0 258.0 124.0 166.0 662.0 947.0 343.0 560.0 555.0 465.0 264.0 164.0 555.0 426.0 972.0 391.0 99.0 422.0 853.0 550.0 581.0 378.0 390.0 603.0 334.0 544.0 842.0 720.0 82.0 0.0 453.0 845.0 188.0 253.0 328.0 277.0 688.0 411.0 328.0 425.0 382.0 278.0 
395.0 385.0 777.0 595.0 96.0 292.0 477.0 707.0 992.0 995.0 302.0 789.0 480.0 362.0 615.0 646.0 108.0 719.0 291.0 370.0 274.0 1109.0 476.0 240.0 871.0 265.0 879.0 541.0 353.0 725.0 720.0 165.0 906.0 554.0 894.0 868.0 557.0 1011.0 746.0 741.0 695.0 564.0 354.0 1058.0 605.0 948.0 1043.0 312.0 668.0 501.0 444.0 894.0 687.0 603.0 531.0 564.0 923.0 392.0 82.0 96.0 93.0 949.0 773.0 556.0 389.0 833.0 669.0 887.0 670.0 519.0 392.0 569.0 583.0 338.0 707.0 259.0 967.0 229.0 914.0 822.0 196.0 108.0 889.0 1048.0 202.0 396.0 329.0 508.0 1131.0 261.0 925.0 338.0 515.0 269.0 363.0 872.0 710.0 1150.0 248.0 544.0 314.0 604.0 857.0 664.0 116.0 391.0 802.0 749.0 987.0 738.0 930.0 374.0 453.0 0.0 738.0 639.0 207.0 134.0 225.0 526.0 571.0 525.0 601.0 295.0 668.0 
391.0 582.0 54.0 437.0 801.0 450.0 468.0 601.0 863.0 917.0 514.0 358.0 889.0 969.0 608.0 133.0 782.0 318.0 472.0 890.0 990.0 615.0 293.0 540.0 841.0 876.0 756.0 380.0 475.0 482.0 59.0 767.0 341.0 237.0 827.0 942.0 692.0 718.0 213.0 414.0 328.0 834.0 940.0 523.0 225.0 401.0 736.0 449.0 674.0 511.0 662.0 720.0 288.0 242.0 791.0 189.0 877.0 882.0 703.0 664.0 680.0 836.0 545.0 216.0 354.0 830.0 102.0 453.0 629.0 257.0 418.0 266.0 394.0 680.0 105.0 696.0 772.0 670.0 1094.0 322.0 778.0 751.0 404.0 543.0 717.0 905.0 702.0 230.0 638.0 557.0 846.0 400.0 389.0 897.0 909.0 731.0 636.0 642.0 954.0 858.0 467.0 267.0 709.0 344.0 817.0 460.0 514.0 871.0 1099.0 5.0 571.0 823.0 845.0 738.0 0.0 976.0 717.0 704.0 650.0 214.0 488.0 555.0 497.0 991.0 792.0 
626.0 415.0 981.0 559.0 567.0 730.0 509.0 474.0 566.0 526.0 536.0 759.0 160.0 370.0 405.0 843.0 540.0 730.0 782.0 287.0 572.0 947.0 876.0 565.0 425.0 409.0 511.0 598.0 545.0 597.0 998.0 475.0 903.0 743.0 467.0 333.0 292.0 716.0 833.0 670.0 706.0 142.0 348.0 956.0 990.0 906.0 746.0 625.0 372.0 465.0 321.0 562.0 1104.0 737.0 186.0 899.0 462.0 257.0 569.0 586.0 573.0 531.0 585.0 767.0 782.0 387.0 972.0 786.0 418.0 732.0 592.0 978.0 594.0 355.0 1015.0 404.0 611.0 445.0 295.0 821.0 445.0 531.0 829.0 923.0 446.0 265.0 346.0 815.0 961.0 520.0 490.0 727.0 587.0 422.0 308.0 525.0 443.0 987.0 543.0 123.0 591.0 1017.0 528.0 674.0 556.0 541.0 640.0 246.0 387.0 973.0 737.0 266.0 188.0 639.0 976.0 0.0 441.0 516.0 463.0 842.0 502.0 425.0 505.0 522.0 247.0 
329.0 215.0 745.0 456.0 167.0 335.0 339.0 531.0 798.0 796.0 206.0 673.0 285.0 255.0 434.0 601.0 133.0 610.0 371.0 204.0 305.0 973.0 515.0 183.0 672.0 159.0 691.0 426.0 253.0 575.0 716.0 71.0 807.0 495.0 698.0 662.0 359.0 840.0 667.0 609.0 584.0 357.0 230.0 936.0 645.0 838.0 873.0 273.0 477.0 345.0 248.0 712.0 748.0 527.0 324.0 576.0 724.0 214.0 130.0 146.0 133.0 756.0 612.0 508.0 416.0 633.0 673.0 757.0 487.0 466.0 308.0 619.0 458.0 138.0 716.0 57.0 783.0 51.0 709.0 718.0 65.0 108.0 771.0 920.0 6.0 227.0 125.0 501.0 994.0 161.0 728.0 355.0 401.0 180.0 211.0 686.0 528.0 1015.0 263.0 340.0 251.0 659.0 674.0 549.0 168.0 281.0 651.0 543.0 780.0 716.0 779.0 179.0 253.0 207.0 717.0 441.0 0.0 76.0 69.0 525.0 418.0 356.0 445.0 289.0 464.0 
326.0 262.0 736.0 490.0 117.0 291.0 370.0 584.0 862.0 863.0 211.0 698.0 359.0 294.0 490.0 596.0 87.0 631.0 318.0 266.0 291.0 1008.0 478.0 166.0 740.0 190.0 751.0 447.0 263.0 615.0 696.0 69.0 825.0 493.0 763.0 735.0 425.0 892.0 676.0 641.0 606.0 432.0 275.0 965.0 609.0 861.0 925.0 255.0 539.0 386.0 312.0 769.0 706.0 533.0 398.0 549.0 791.0 281.0 55.0 75.0 59.0 819.0 658.0 502.0 380.0 701.0 649.0 789.0 544.0 462.0 312.0 580.0 485.0 205.0 691.0 126.0 841.0 97.0 785.0 738.0 93.0 54.0 798.0 951.0 71.0 291.0 196.0 479.0 1030.0 164.0 794.0 321.0 421.0 206.0 267.0 745.0 584.0 1050.0 252.0 415.0 243.0 619.0 732.0 573.0 126.0 297.0 692.0 616.0 855.0 703.0 821.0 252.0 328.0 134.0 704.0 516.0 76.0 0.0 98.0 501.0 458.0 404.0 487.0 288.0 535.0 
261.0 164.0 677.0 397.0 212.0 283.0 278.0 487.0 767.0 771.0 138.0 610.0 315.0 321.0 393.0 533.0 180.0 545.0 326.0 257.0 369.0 915.0 457.0 121.0 648.0 227.0 655.0 361.0 184.0 520.0 650.0 131.0 742.0 427.0 670.0 651.0 334.0 794.0 599.0 549.0 520.0 361.0 293.0 875.0 585.0 775.0 827.0 208.0 443.0 290.0 221.0 672.0 690.0 459.0 322.0 512.0 700.0 261.0 144.0 140.0 135.0 724.0 561.0 440.0 357.0 610.0 607.0 697.0 447.0 398.0 240.0 561.0 395.0 120.0 651.0 61.0 744.0 22.0 714.0 653.0 133.0 149.0 709.0 860.0 69.0 278.0 119.0 435.0 936.0 94.0 700.0 296.0 335.0 248.0 269.0 649.0 487.0 957.0 328.0 351.0 185.0 601.0 635.0 485.0 218.0 213.0 596.0 533.0 778.0 648.0 725.0 214.0 277.0 225.0 650.0 463.0 69.0 98.0 0.0 460.0 363.0 307.0 391.0 356.0 448.0 
219.0 429.0 258.0 375.0 593.0 236.0 348.0 558.0 858.0 898.0 331.0 416.0 733.0 779.0 529.0 159.0 576.0 349.0 261.0 711.0 783.0 732.0 105.0 343.0 801.0 682.0 739.0 294.0 303.0 472.0 196.0 567.0 470.0 148.0 798.0 877.0 582.0 760.0 300.0 429.0 342.0 705.0 752.0 652.0 154.0 526.0 786.0 253.0 602.0 401.0 522.0 718.0 270.0 205.0 660.0 58.0 845.0 708.0 495.0 456.0 472.0 823.0 541.0 123.0 141.0 780.0 149.0 529.0 567.0 132.0 252.0 158.0 330.0 513.0 192.0 512.0 782.0 481.0 1008.0 412.0 582.0 546.0 499.0 660.0 524.0 730.0 532.0 27.0 755.0 368.0 822.0 188.0 288.0 701.0 727.0 718.0 586.0 765.0 748.0 720.0 277.0 191.0 696.0 335.0 610.0 302.0 531.0 786.0 1033.0 214.0 627.0 653.0 688.0 526.0 214.0 842.0 525.0 501.0 460.0 0.0 409.0 450.0 429.0 788.0 699.0 
249.0 204.0 486.0 58.0 574.0 432.0 99.0 161.0 472.0 502.0 275.0 277.0 451.0 610.0 123.0 357.0 542.0 233.0 494.0 503.0 720.0 556.0 483.0 341.0 396.0 548.0 351.0 116.0 231.0 158.0 520.0 488.0 422.0 274.0 398.0 470.0 211.0 443.0 332.0 198.0 208.0 362.0 575.0 525.0 561.0 440.0 475.0 316.0 194.0 73.0 223.0 347.0 676.0 247.0 323.0 461.0 443.0 483.0 495.0 475.0 479.0 433.0 203.0 301.0 421.0 373.0 506.0 344.0 159.0 278.0 224.0 565.0 95.0 304.0 547.0 368.0 419.0 371.0 610.0 334.0 480.0 511.0 367.0 505.0 421.0 509.0 327.0 385.0 576.0 311.0 425.0 393.0 122.0 573.0 530.0 335.0 183.0 598.0 678.0 393.0 290.0 599.0 316.0 173.0 580.0 194.0 234.0 386.0 627.0 484.0 363.0 425.0 411.0 571.0 488.0 502.0 418.0 458.0 363.0 409.0 0.0 83.0 31.0 696.0 305.0 
260.0 143.0 557.0 139.0 517.0 430.0 104.0 182.0 481.0 498.0 248.0 359.0 369.0 532.0 98.0 423.0 484.0 316.0 492.0 424.0 652.0 626.0 512.0 311.0 383.0 475.0 362.0 175.0 215.0 227.0 582.0 426.0 505.0 329.0 394.0 434.0 138.0 488.0 411.0 278.0 290.0 284.0 497.0 602.0 604.0 521.0 521.0 308.0 167.0 50.0 142.0 370.0 720.0 314.0 243.0 506.0 433.0 402.0 446.0 432.0 432.0 439.0 258.0 355.0 437.0 352.0 562.0 420.0 152.0 325.0 229.0 603.0 170.0 231.0 605.0 302.0 444.0 311.0 559.0 416.0 414.0 455.0 447.0 579.0 359.0 428.0 253.0 425.0 646.0 273.0 423.0 400.0 169.0 500.0 451.0 351.0 188.0 669.0 610.0 313.0 277.0 639.0 335.0 255.0 521.0 185.0 299.0 337.0 587.0 551.0 426.0 344.0 328.0 525.0 555.0 425.0 356.0 404.0 307.0 450.0 83.0 0.0 100.0 625.0 249.0 
278.0 231.0 491.0 60.0 602.0 461.0 130.0 134.0 444.0 476.0 306.0 262.0 464.0 631.0 112.0 368.0 570.0 226.0 524.0 523.0 746.0 530.0 507.0 372.0 373.0 572.0 323.0 136.0 262.0 131.0 531.0 515.0 408.0 290.0 373.0 453.0 214.0 413.0 330.0 179.0 201.0 367.0 596.0 503.0 580.0 423.0 445.0 346.0 179.0 101.0 241.0 317.0 694.0 258.0 330.0 481.0 419.0 501.0 525.0 505.0 509.0 406.0 172.0 318.0 447.0 351.0 520.0 321.0 139.0 297.0 254.0 586.0 105.0 327.0 560.0 394.0 389.0 399.0 598.0 321.0 506.0 539.0 348.0 481.0 449.0 527.0 350.0 406.0 550.0 341.0 399.0 422.0 146.0 597.0 550.0 306.0 158.0 572.0 704.0 400.0 321.0 619.0 286.0 169.0 608.0 225.0 206.0 375.0 610.0 493.0 334.0 444.0 425.0 601.0 497.0 505.0 445.0 487.0 391.0 429.0 31.0 100.0 0.0 721.0 297.0 
611.0 494.0 1023.0 739.0 205.0 567.0 624.0 787.0 1015.0 997.0 490.0 959.0 380.0 152.0 688.0 882.0 214.0 898.0 579.0 249.0 53.0 1250.0 756.0 453.0 877.0 152.0 921.0 713.0 539.0 851.0 983.0 228.0 1095.0 778.0 910.0 828.0 588.0 1094.0 954.0 891.0 872.0 515.0 176.0 1219.0 887.0 1125.0 1127.0 543.0 714.0 624.0 495.0 953.0 976.0 814.0 504.0 833.0 925.0 282.0 296.0 336.0 318.0 973.0 880.0 788.0 661.0 835.0 935.0 1039.0 736.0 747.0 593.0 854.0 744.0 395.0 976.0 331.0 1020.0 340.0 816.0 1005.0 224.0 242.0 1057.0 1201.0 287.0 265.0 372.0 766.0 1270.0 443.0 939.0 603.0 689.0 127.0 221.0 923.0 776.0 1293.0 50.0 478.0 529.0 891.0 915.0 836.0 185.0 568.0 924.0 715.0 907.0 990.0 1050.0 313.0 382.0 295.0 991.0 522.0 289.0 288.0 356.0 788.0 696.0 625.0 721.0 0.0 658.0 
502.0 320.0 788.0 356.0 625.0 654.0 351.0 234.0 358.0 340.0 455.0 530.0 293.0 523.0 186.0 662.0 592.0 513.0 714.0 412.0 699.0 701.0 757.0 507.0 219.0 514.0 278.0 417.0 440.0 364.0 824.0 524.0 671.0 574.0 254.0 204.0 126.0 476.0 623.0 440.0 491.0 150.0 491.0 711.0 852.0 668.0 507.0 533.0 133.0 298.0 231.0 323.0 968.0 552.0 154.0 754.0 268.0 380.0 587.0 588.0 581.0 318.0 342.0 601.0 677.0 178.0 808.0 545.0 181.0 573.0 468.0 850.0 399.0 331.0 849.0 409.0 380.0 440.0 310.0 592.0 500.0 571.0 592.0 677.0 469.0 401.0 340.0 673.0 715.0 462.0 282.0 633.0 416.0 536.0 441.0 287.0 200.0 741.0 662.0 193.0 499.0 887.0 287.0 463.0 622.0 419.0 398.0 91.0 346.0 788.0 491.0 346.0 278.0 668.0 792.0 247.0 464.0 535.0 448.0 699.0 305.0 249.0 297.0 658.0 0.0 
