100 0.0 3
1 11 26
2 69 54
3 83 58
4 60 68
5 5 44
6 93 56
7 17 98
8 87 35
9 7 54
10 15 41
11 2 48
12 21 80
13 86 71
14 29 89
15 36 4
16 9 87
17 48 40
18 21 18
19 17 18
20 50 98
21 49 54
22 76 100
23 94 92
24 28 57
25 10 46
26 95 82
27 55 96
28 95 73
29 82 41
30 41 84
31 72 36
32 92 15
33 71 27
34 76 50
35 86 37
36 3 42
37 28 78
38 77 52
39 13 18
40 61 3
41 4 67
42 57 53
43 2 68
44 93 57
45 39 91
46 84 33
47 74 50
48 69 14
49 43 65
50 52 97
51 79 62
52 70 27
53 89 18
54 43 91
55 35 76
56 43 45
57 43 9
58 84 41
59 26 52
60 79 71
61 58 74
62 46 91
63 24 73
64 16 59
65 100 38
66 5 69
67 33 36
68 47 52
69 57 80
70 26 68
71 87 11
72 55 77
73 21 37
74 66 99
75 100 37
76 80 22
77 98 84
78 53 6
79 20 70
80 78 9
81 29 56
82 25 14
83 91 1
84 12 16
85 74 76
86 100 100
87 65 9
88 94 57
89 27 53
90 97 62
91 83 9
92 54 30
93 97 59
94 26 4
95 62 61
96 60 75
97 89 48
98 88 40
99 10 83
100 94 5
opening costs
1.0 1.0 1.0 1.0 1.0 1.0 1.0 1.0 1.0 1.0 1.0 1.0 1.0 1.0 1.0 1.0 1.0 1.0 1.0 1.0 1.0 1.0 1.0 1.0 1.0 1.0 1.0 1.0 1.0 1.0 1.0 1.0 1.0 1.0 1.0 1.0 1.0 1.0 1.0 1.0 1.0 1.0 1.0 1.0 1.0 1.0 1.0 1.0 1.0 1.0 1.0 1.0 1.0 1.0 1.0 1.0 1.0 1.0 1.0 1.0 1.0 1.0 1.0 1.0 1.0 1.0 1.0 1.0 1.0 1.0 1.0 1.0 1.0 1.0 1.0 1.0 1.0 1.0 1.0 1.0 1.0 1.0 1.0 1.0 1.0 1.0 1.0 1.0 1.0 1.0 1.0 1.0 1.0 1.0 1.0 1.0 1.0 1.0 1.0 1.0 
star costs
0 0.00796 0.00861 0.00797 0.00805 0.01127 0.01418 0.01107 0.00857 0.01509 0.01811 0.01258 0.0117 0.01703 0.00915 0.01179 0.01334 0.00971 0.00676 0.00851 0.00907 0.01748 0.01845 0.01301 0.00751 0.01304 0.00995 0.01246 0.01559 0.00719 0.00979 0.00692 0.01837 0.01611 0.01245 0.00916 0.00995 0.01475 0.01 0.01017 0.0133 0.01897 0.01322 0.0092 0.01077 0.0082 0.00806 0.01147 0.01041 0.01166 0.01146 0.01152 0.0153 0.00969 0.00976 0.01203 0.01495 0.01556 0.00744 0.00899 0.00974 0.01442 0.00902 0.00868 0.01078 0.01579 0.00795 0.01037 0.0144 0.0126 0.0071 0.0073 0.00882 0.00732 0.01087 0.01506 0.01483 0.0123 0.00855 0.00768 0.00933 0.0089 0.01257 0.00669 0.00945 0.01008 0.00891 0.00712 0.009 0.00752 0.00702 0.01004 0.00677 0.00736 0.01146 0.01562 0.00763 0.01842 0.00722 0.01053 
0.01289 0 0.00875 0.01285 0.00697 0.00946 0.007 0.0146 0.00797 0.00771 0.01356 0.00854 0.01374 0.01559 0.00862 0.00672 0.01288 0.00847 0.01023 0.01302 0.0155 0.01584 0.00756 0.00807 0.00965 0.01889 0.00683 0.01069 0.01217 0.00707 0.00694 0.00768 0.00744 0.0187 0.01584 0.00972 0.01317 0.01461 0.01448 0.00754 0.00757 0.01483 0.0146 0.00727 0.0081 0.00881 0.00873 0.00935 0.01137 0.01248 0.00799 0.01127 0.01141 0.01553 0.00999 0.01221 0.00685 0.01935 0.0153 0.00887 0.01131 0.00939 0.00707 0.01026 0.007 0.00785 0.0076 0.00898 0.00922 0.01235 0.00975 0.00792 0.01497 0.00864 0.01532 0.01723 0.00772 0.00726 0.00975 0.00997 0.00832 0.01214 0.01468 0.00956 0.01465 0.00714 0.01638 0.01334 0.01061 0.00908 0.0107 0.01002 0.01301 0.00993 0.0077 0.01057 0.00918 0.00758 0.00915 0.01957 
0.01025 0.0093 0 0.01495 0.01854 0.01871 0.0088 0.00951 0.01697 0.0099 0.01022 0.00856 0.00724 0.00799 0.01645 0.01161 0.01221 0.00704 0.01004 0.00673 0.01088 0.01735 0.01203 0.014 0.00854 0.00735 0.01451 0.01721 0.01507 0.00777 0.01482 0.0073 0.01377 0.00705 0.01083 0.00951 0.01701 0.01351 0.01208 0.00725 0.0163 0.00903 0.01296 0.00705 0.01114 0.01565 0.00692 0.00931 0.01499 0.00758 0.01516 0.01797 0.01776 0.01538 0.01751 0.00961 0.00683 0.00677 0.0077 0.01525 0.00924 0.01283 0.01226 0.01261 0.01132 0.00712 0.01392 0.01866 0.00864 0.01043 0.00914 0.00766 0.01 0.00667 0.00699 0.01084 0.00989 0.00674 0.00911 0.0075 0.00911 0.01335 0.00976 0.01413 0.01678 0.00883 0.01136 0.00885 0.01712 0.00822 0.01484 0.00752 0.01039 0.01964 0.01421 0.00753 0.00775 0.01014 0.00763 0.00946 
0.01611 0.0081 0.00668 0 0.01114 0.0096 0.01121 0.012 0.01959 0.01249 0.00767 0.013 0.01683 0.01112 0.00993 0.00907 0.01359 0.00946 0.01225 0.01769 0.00693 0.01162 0.00705 0.01583 0.00905 0.00786 0.01247 0.00712 0.01536 0.00678 0.01197 0.01779 0.00904 0.0116 0.00894 0.01668 0.00726 0.00691 0.00961 0.0078 0.01049 0.01429 0.01331 0.00857 0.0147 0.01137 0.0126 0.01225 0.0073 0.01043 0.00868 0.01789 0.01204 0.01106 0.01868 0.00753 0.01773 0.01043 0.00736 0.00731 0.01443 0.01329 0.00743 0.01087 0.00787 0.00703 0.01803 0.00904 0.00673 0.01552 0.01158 0.01693 0.01211 0.00678 0.0078 0.00858 0.0197 0.01603 0.01645 0.0093 0.00751 0.0099 0.00879 0.00966 0.01937 0.00667 0.00986 0.00738 0.00687 0.00796 0.00712 0.00871 0.00751 0.00848 0.015 0.01401 0.00899 0.00684 0.00933 0.01005 
0.00677 0.01237 0.00887 0.0079 0 0.00707 0.01295 0.00874 0.01209 0.00806 0.01885 0.01636 0.01517 0.00917 0.00677 0.00962 0.00908 0.00724 0.01245 0.00822 0.00799 0.00956 0.00968 0.0072 0.01645 0.01323 0.00739 0.0083 0.01331 0.00962 0.00928 0.01466 0.00773 0.01373 0.00856 0.0071 0.01558 0.00822 0.01263 0.01078 0.01845 0.00725 0.00698 0.01333 0.00958 0.00909 0.00695 0.00688 0.00901 0.0167 0.00889 0.00699 0.00951 0.00909 0.00817 0.00924 0.01169 0.01077 0.00714 0.01071 0.00829 0.01241 0.01602 0.01241 0.00694 0.00873 0.00683 0.01159 0.01341 0.00679 0.00719 0.00796 0.00899 0.00785 0.0114 0.01722 0.01585 0.00687 0.00723 0.00785 0.00843 0.01473 0.00714 0.01749 0.00694 0.0098 0.01866 0.01602 0.01473 0.01343 0.01335 0.01061 0.01232 0.01033 0.00761 0.00866 0.01402 0.01847 0.00769 0.01023 
0.01857 0.00982 0.00866 0.00879 0.01153 0 0.01364 0.01634 0.00694 0.01531 0.01122 0.00824 0.01201 0.01741 0.00722 0.00828 0.01031 0.00694 0.0116 0.00881 0.00961 0.00773 0.01096 0.00686 0.00804 0.01394 0.01125 0.01009 0.0123 0.01538 0.00694 0.00931 0.00884 0.01039 0.00713 0.00962 0.00917 0.00702 0.00739 0.00716 0.00779 0.01614 0.01492 0.01182 0.00748 0.00804 0.01065 0.00687 0.01443 0.01123 0.01483 0.00905 0.00952 0.01753 0.00796 0.0075 0.01092 0.01388 0.01568 0.01057 0.01725 0.01211 0.012 0.00728 0.00969 0.0084 0.00851 0.00714 0.00764 0.01224 0.0097 0.00771 0.00809 0.0132 0.01037 0.00927 0.00885 0.01247 0.00908 0.0166 0.01114 0.00989 0.00699 0.01265 0.01137 0.00969 0.00784 0.0105 0.00959 0.00925 0.00963 0.00684 0.00919 0.01794 0.00737 0.00961 0.01329 0.0083 0.00813 0.01138 
0.01275 0.01547 0.01428 0.00738 0.00946 0.00997 0 0.01565 0.00719 0.00818 0.01053 0.007 0.00885 0.01061 0.01519 0.01322 0.00855 0.0096 0.00736 0.01444 0.01157 0.01898 0.00913 0.00886 0.01381 0.00719 0.01075 0.00709 0.01423 0.01206 0.01383 0.01842 0.01536 0.00899 0.00717 0.01279 0.01679 0.01236 0.01589 0.00988 0.00774 0.01086 0.00706 0.01436 0.01652 0.00938 0.0072 0.0068 0.00796 0.00931 0.01253 0.01511 0.00908 0.00847 0.00982 0.0085 0.00692 0.00667 0.0074 0.01295 0.00717 0.01847 0.00684 0.00769 0.00771 0.00746 0.00773 0.01178 0.00674 0.01248 0.00753 0.01332 0.0147 0.0109 0.01237 0.00674 0.00686 0.01416 0.01015 0.01114 0.00754 0.0166 0.01091 0.00907 0.00868 0.00712 0.01811 0.00922 0.01161 0.00917 0.00844 0.00699 0.01088 0.00741 0.01375 0.01789 0.01026 0.01689 0.01093 0.01206 
0.01331 0.00698 0.01222 0.00954 0.00692 0.01747 0.00986 0 0.01074 0.01352 0.01093 0.00835 0.00844 0.00702 0.01747 0.00677 0.00707 0.00749 0.00951 0.01222 0.00668 0.00682 0.01182 0.01497 0.0151 0.01116 0.01068 0.01477 0.02 0.00825 0.00808 0.00786 0.01171 0.01047 0.01609 0.00857 0.00772 0.00841 0.01248 0.00678 0.00687 0.01361 0.01596 0.00693 0.00737 0.00698 0.00918 0.00682 0.00722 0.01215 0.00697 0.00956 0.00976 0.01313 0.01919 0.01018 0.01748 0.01095 0.0133 0.00769 0.01901 0.01517 0.01084 0.00815 0.00694 0.01644 0.00708 0.00823 0.00822 0.01462 0.00714 0.01388 0.01112 0.00769 0.01257 0.01526 0.01122 0.00682 0.00974 0.00963 0.00942 0.00969 0.01243 0.0073 0.00772 0.01193 0.0129 0.00984 0.00818 0.01697 0.00877 0.00698 0.01685 0.00822 0.01015 0.01209 0.01663 0.00902 0.00989 0.01145 
0.00859 0.00874 0.01357 0.00793 0.01032 0.01411 0.00852 0.01188 0 0.01831 0.0083 0.01011 0.00724 0.00754 0.00929 0.00838 0.00889 0.00749 0.01193 0.01295 0.00995 0.00738 0.01252 0.01036 0.00925 0.00753 0.01805 0.01352 0.00949 0.01095 0.012 0.00773 0.01495 0.00829 0.01656 0.01311 0.01909 0.01495 0.00716 0.01125 0.01424 0.00939 0.00787 0.01844 0.01255 0.00707 0.01457 0.01021 0.01192 0.00746 0.00884 0.00877 0.01474 0.00775 0.013 0.00793 0.0155 0.00725 0.01026 0.00904 0.01067 0.00668 0.01262 0.01149 0.01205 0.01079 0.01414 0.00765 0.01279 0.01462 0.00797 0.01314 0.01251 0.0163 0.00873 0.01993 0.00763 0.00731 0.01244 0.01069 0.01101 0.0088 0.01854 0.00729 0.01834 0.00982 0.01321 0.01137 0.00824 0.0072 0.00998 0.01894 0.0168 0.00904 0.00685 0.01101 0.00866 0.008 0.00906 0.00739 
0.01545 0.00793 0.00898 0.0096 0.00758 0.01176 0.01141 0.01499 0.01538 0 0.01122 0.01765 0.01058 0.01074 0.00702 0.01808 0.00746 0.00843 0.00876 0.00735 0.00689 0.00713 0.01197 0.01355 0.01131 0.00772 0.01172 0.00934 0.01404 0.01497 0.01125 0.01896 0.00677 0.0151 0.00744 0.00745 0.00991 0.00712 0.01452 0.01082 0.00687 0.01025 0.00919 0.0107 0.00806 0.01862 0.0067 0.0082 0.00941 0.00952 0.0124 0.00902 0.00751 0.01629 0.00773 0.01483 0.01753 0.01169 0.00762 0.00925 0.01698 0.00815 0.00814 0.0083 0.01721 0.00886 0.01382 0.01225 0.00912 0.01538 0.01473 0.00717 0.00907 0.00751 0.01157 0.00686 0.01706 0.01662 0.01014 0.00697 0.00962 0.00794 0.00826 0.0095 0.00758 0.00836 0.00685 0.01097 0.01481 0.00671 0.00678 0.0156 0.01724 0.01335 0.01156 0.00749 0.00752 0.01581 0.00907 0.00895 
0.01094 0.00726 0.01387 0.00775 0.00766 0.0091 0.01101 0.00731 0.00771 0.00675 0 0.0083 0.00837 0.01589 0.00913 0.00824 0.00765 0.01505 0.00787 0.01799 0.00923 0.00747 0.0078 0.01518 0.00733 0.01198 0.00923 0.0182 0.01024 0.00794 0.01205 0.01607 0.0087 0.01991 0.00981 0.00786 0.01397 0.01671 0.00781 0.01162 0.00871 0.00954 0.01856 0.01952 0.01266 0.00715 0.01561 0.00903 0.01533 0.00964 0.00836 0.00938 0.00944 0.01148 0.00776 0.0085 0.0091 0.00693 0.0196 0.00801 0.0117 0.01186 0.00672 0.00996 0.01794 0.00747 0.00882 0.01436 0.00684 0.01214 0.00781 0.00779 0.00905 0.00962 0.0084 0.0074 0.01501 0.00723 0.01581 0.00706 0.00771 0.00688 0.00808 0.01175 0.01386 0.01087 0.00706 0.00693 0.01029 0.0085 0.0192 0.01182 0.00752 0.01654 0.01473 0.01555 0.0069 0.00855 0.00723 0.00804 
0.01439 0.01137 0.01802 0.01713 0.01009 0.00773 0.00902 0.01073 0.00739 0.00911 0.00677 0 0.01731 0.0082 0.01876 0.00747 0.00778 0.01274 0.0088 0.00676 0.00739 0.01294 0.01212 0.0123 0.00695 0.01497 0.01539 0.01108 0.00722 0.01012 0.01099 0.01746 0.00839 0.01751 0.01531 0.00779 0.00849 0.0071 0.01424 0.00826 0.00738 0.01392 0.01569 0.01204 0.01407 0.01911 0.0091 0.01016 0.00939 0.01869 0.01524 0.01013 0.00867 0.00841 0.01044 0.01433 0.01934 0.01101 0.01312 0.00893 0.01006 0.01061 0.00902 0.01225 0.00833 0.01179 0.00844 0.00946 0.01547 0.01457 0.00923 0.00726 0.01125 0.00849 0.01828 0.00854 0.0078 0.01507 0.01034 0.00776 0.01474 0.01023 0.00774 0.0131 0.00828 0.01284 0.00703 0.0079 0.0068 0.0106 0.0134 0.01228 0.01155 0.00901 0.01749 0.00763 0.01055 0.01451 0.00958 0.01034 
0.01083 0.00761 0.01528 0.00739 0.01715 0.0085 0.01169 0.01182 0.0086 0.00695 0.00694 0.01646 0 0.00931 0.00723 0.00834 0.01196 0.01596 0.00721 0.01163 0.01736 0.00947 0.00934 0.00762 0.01335 0.00858 0.01679 0.01012 0.00714 0.00786 0.01113 0.01293 0.00761 0.01575 0.01237 0.00745 0.00964 0.00833 0.00826 0.00833 0.00878 0.01913 0.01163 0.01037 0.01911 0.01095 0.0086 0.01533 0.00946 0.00978 0.00947 0.01337 0.01637 0.00951 0.01357 0.00803 0.01758 0.0115 0.00814 0.00709 0.01874 0.00701 0.01158 0.01057 0.01405 0.00988 0.00676 0.01383 0.00866 0.01546 0.0122 0.0082 0.01081 0.01585 0.01862 0.01057 0.00827 0.00682 0.00797 0.01137 0.01069 0.00723 0.00934 0.00715 0.00937 0.00771 0.01268 0.01097 0.01358 0.01838 0.00996 0.01106 0.01498 0.00694 0.00999 0.01343 0.00793 0.01014 0.00755 0.00714 
0.00821 0.01401 0.00722 0.01098 0.01013 0.00863 0.0162 0.01646 0.00795 0.01137 0.00823 0.0111 0.01241 0 0.01341 0.01104 0.00831 0.01012 0.00668 0.0068 0.0086 0.00876 0.00725 0.00986 0.01257 0.00674 0.01617 0.00958 0.00799 0.00829 0.01329 0.00748 0.01427 0.0089 0.01529 0.00827 0.00928 0.00833 0.01573 0.00773 0.00766 0.00699 0.01497 0.00869 0.01065 0.00851 0.011 0.01036 0.00749 0.00743 0.00673 0.00711 0.01472 0.00954 0.01879 0.00853 0.01473 0.01979 0.01181 0.01176 0.01961 0.01758 0.01477 0.01311 0.00874 0.00752 0.0084 0.0111 0.01253 0.00927 0.00694 0.01937 0.00875 0.00771 0.01261 0.01418 0.01573 0.01221 0.00667 0.0105 0.00944 0.01105 0.0081 0.01155 0.00779 0.00949 0.01303 0.00778 0.00727 0.01116 0.01265 0.00707 0.0079 0.01351 0.0069 0.01525 0.00722 0.00773 0.01808 0.01041 
0.00668 0.00809 0.00919 0.01542 0.01516 0.00713 0.01374 0.00752 0.00815 0.00904 0.00806 0.00696 0.01628 0.00793 0 0.00763 0.00761 0.01182 0.00725 0.01777 0.00807 0.01262 0.01635 0.00922 0.01454 0.00803 0.01357 0.01861 0.01594 0.00856 0.01543 0.01831 0.00862 0.01856 0.00723 0.01415 0.01336 0.01175 0.01428 0.00966 0.00936 0.01392 0.01009 0.01976 0.01843 0.00759 0.0097 0.00742 0.01887 0.01136 0.00792 0.00757 0.00701 0.01638 0.0109 0.01269 0.01288 0.00708 0.00878 0.00795 0.01647 0.0076 0.01093 0.01051 0.01066 0.00723 0.01346 0.01055 0.01297 0.00847 0.00841 0.01014 0.01621 0.01754 0.01333 0.01028 0.01421 0.00885 0.00898 0.01339 0.00832 0.01677 0.0083 0.01083 0.01412 0.01224 0.00757 0.0069 0.00734 0.00868 0.00814 0.00716 0.00773 0.00912 0.00688 0.01824 0.01148 0.01074 0.01309 0.01272 
0.00681 0.00682 0.0119 0.00991 0.00683 0.01173 0.01246 0.01459 0.00691 0.01031 0.00752 0.00706 0.00953 0.0154 0.00687 0 0.01094 0.01217 0.00974 0.01046 0.01501 0.01502 0.00886 0.01374 0.00914 0.00762 0.00721 0.00892 0.00954 0.01566 0.01141 0.01026 0.00942 0.00729 0.01152 0.01376 0.00876 0.01366 0.01922 0.00739 0.00898 0.01381 0.01744 0.01238 0.00765 0.00886 0.01539 0.00755 0.01178 0.00754 0.00955 0.0173 0.00896 0.00667 0.01701 0.01821 0.00687 0.01055 0.00906 0.00873 0.00667 0.01513 0.00672 0.01529 0.01363 0.01392 0.013 0.01332 0.00936 0.01042 0.01434 0.00692 0.00795 0.00819 0.00774 0.013 0.01532 0.00878 0.00821 0.01377 0.01067 0.01044 0.01767 0.01048 0.01016 0.0167 0.00669 0.00763 0.01499 0.01659 0.00976 0.01854 0.01945 0.00804 0.00997 0.01171 0.00772 0.00905 0.01818 0.00949 
0.01701 0.01996 0.01182 0.0069 0.00752 0.01289 0.01425 0.00707 0.01344 0.01114 0.01158 0.01027 0.01212 0.00699 0.00677 0.01314 0 0.0081 0.00683 0.01326 0.01276 0.01523 0.00739 0.00773 0.01051 0.00707 0.00752 0.01164 0.00738 0.00987 0.00837 0.00804 0.01522 0.01712 0.01276 0.0147 0.00769 0.00744 0.01681 0.00675 0.0085 0.00958 0.00995 0.00835 0.00973 0.01192 0.00813 0.00701 0.00811 0.0082 0.00861 0.01488 0.00843 0.01858 0.01113 0.00832 0.01099 0.01973 0.00729 0.00963 0.01282 0.00748 0.00776 0.00918 0.00705 0.0151 0.00914 0.00942 0.0132 0.0089 0.00691 0.01712 0.01164 0.01282 0.00697 0.0091 0.00949 0.00846 0.00744 0.00699 0.00968 0.00858 0.00895 0.0167 0.01022 0.00723 0.01356 0.01527 0.0173 0.00734 0.01133 0.00724 0.00778 0.01378 0.00837 0.01055 0.00852 0.01591 0.01449 0.00964 
0.00691 0.0136 0.00919 0.00809 0.01689 0.00875 0.00753 0.00882 0.01015 0.0187 0.00929 0.00871 0.01585 0.00939 0.01158 0.00873 0.01872 0 0.01411 0.01237 0.00853 0.01032 0.01637 0.01076 0.01433 0.00991 0.00758 0.00744 0.01646 0.01602 0.00798 0.012 0.00835 0.01169 0.01865 0.00914 0.01025 0.00885 0.00854 0.01187 0.0139 0.00824 0.00839 0.0069 0.00917 0.01939 0.01449 0.01179 0.01979 0.01258 0.0107 0.00725 0.00812 0.00841 0.01295 0.01044 0.00819 0.01415 0.01437 0.01611 0.01455 0.0118 0.01141 0.01025 0.00808 0.01013 0.01612 0.01704 0.00894 0.01577 0.00705 0.01272 0.0184 0.01946 0.01818 0.00881 0.00855 0.00829 0.00691 0.00734 0.01287 0.00784 0.01418 0.01979 0.00788 0.0106 0.00762 0.0121 0.01857 0.01013 0.00766 0.01258 0.00681 0.01284 0.00977 0.00709 0.00735 0.00674 0.01313 0.01486 
0.01513 0.01207 0.00736 0.01426 0.01378 0.00823 0.0123 0.01505 0.00845 0.00698 0.00791 0.01482 0.00913 0.00874 0.00756 0.01145 0.01197 0.01175 0 0.00977 0.01289 0.01207 0.01046 0.00978 0.00919 0.00956 0.01477 0.01075 0.01234 0.01185 0.01461 0.00724 0.00698 0.00922 0.01158 0.01708 0.0089 0.00808 0.01305 0.00811 0.01607 0.00891 0.01132 0.01431 0.01393 0.00764 0.01 0.00689 0.00894 0.0191 0.01352 0.01149 0.00671 0.00752 0.00793 0.01359 0.01878 0.0068 0.0081 0.00842 0.00747 0.01166 0.01106 0.01452 0.00668 0.01057 0.01428 0.0138 0.00744 0.01756 0.00925 0.00686 0.00698 0.00747 0.01063 0.00769 0.01507 0.01846 0.01148 0.00913 0.01652 0.00674 0.01491 0.01751 0.01258 0.01599 0.00826 0.00881 0.0083 0.01186 0.00765 0.00692 0.01555 0.00789 0.016 0.01203 0.00964 0.00913 0.00703 0.00761 
0.01837 0.01056 0.01168 0.01057 0.00723 0.00756 0.00935 0.01742 0.01342 0.01123 0.00969 0.01682 0.01973 0.01461 0.00927 0.01943 0.0139 0.01171 0.01444 0 0.00728 0.00922 0.00932 0.00874 0.01453 0.0187 0.00815 0.01604 0.01475 0.01052 0.01479 0.00797 0.0101 0.00832 0.01311 0.01815 0.00977 0.01279 0.00974 0.00742 0.00674 0.01236 0.00721 0.00819 0.01187 0.01348 0.00718 0.00767 0.0092 0.01003 0.0088 0.01959 0.00999 0.0085 0.01799 0.0067 0.00818 0.01606 0.01179 0.0089 0.00825 0.01606 0.00963 0.00764 0.01316 0.01498 0.00868 0.0133 0.01449 0.00826 0.01068 0.01088 0.00715 0.00862 0.01203 0.00717 0.00803 0.01102 0.00823 0.01647 0.00862 0.00773 0.0072 0.00823 0.017 0.01414 0.00717 0.01162 0.00709 0.00715 0.01117 0.0076 0.01193 0.00678 0.01428 0.01549 0.01285 0.00851 0.01039 0.00768 
0.00979 0.01248 0.01924 0.00958 0.009 0.01782 0.00774 0.01213 0.01466 0.01253 0.01169 0.01885 0.01931 0.00913 0.01541 0.01332 0.00783 0.00847 0.0086 0.00814 0 0.00988 0.00808 0.00838 0.00842 0.00791 0.0125 0.01042 0.0096 0.00713 0.00716 0.01713 0.01744 0.01389 0.01159 0.01462 0.0107 0.01438 0.01202 0.01083 0.01562 0.01075 0.01893 0.01059 0.01059 0.00937 0.00854 0.00865 0.01684 0.01661 0.00799 0.01875 0.00735 0.00913 0.00778 0.00748 0.00805 0.01331 0.00782 0.00937 0.01098 0.01862 0.0085 0.01039 0.01792 0.01393 0.00698 0.00689 0.00983 0.00735 0.00669 0.01804 0.01188 0.01485 0.0156 0.01858 0.01117 0.01003 0.00788 0.0088 0.00692 0.01409 0.01059 0.01358 0.00739 0.00668 0.01414 0.00723 0.00997 0.01245 0.00727 0.00816 0.00732 0.01179 0.0118 0.00832 0.00951 0.01252 0.00786 0.00668 
0.0193 0.00894 0.00979 0.00806 0.00834 0.00745 0.00732 0.00674 0.0158 0.01683 0.01092 0.01505 0.00696 0.01702 0.00722 0.01245 0.01595 0.00702 0.00921 0.00905 0.00718 0 0.01567 0.01633 0.01064 0.00905 0.00917 0.01639 0.00819 0.0142 0.01362 0.00971 0.01205 0.00967 0.01541 0.01813 0.00764 0.00923 0.00686 0.01242 0.00777 0.00687 0.01048 0.01652 0.01923 0.01417 0.00859 0.01577 0.0178 0.01102 0.01364 0.00822 0.00893 0.01003 0.00945 0.01414 0.01369 0.01109 0.01423 0.00945 0.00812 0.0117 0.00896 0.01741 0.01645 0.01488 0.0123 0.00933 0.01156 0.01489 0.00849 0.01541 0.01463 0.00888 0.01056 0.00746 0.00702 0.00788 0.01609 0.01132 0.01063 0.01106 0.01905 0.00987 0.01172 0.00687 0.01713 0.0147 0.01337 0.00887 0.00983 0.00693 0.01179 0.0183 0.01815 0.00793 0.00841 0.0095 0.00938 0.01344 
0.01232 0.01349 0.0176 0.01536 0.01664 0.01934 0.01505 0.00933 0.00985 0.00791 0.01082 0.00799 0.00672 0.01151 0.01048 0.00932 0.01679 0.00896 0.00721 0.01137 0.01385 0.01118 0 0.01436 0.01283 0.01895 0.00988 0.00976 0.01085 0.01373 0.01123 0.01491 0.00874 0.00978 0.01947 0.01348 0.00894 0.01171 0.00718 0.00946 0.00854 0.00886 0.01895 0.01439 0.00747 0.01474 0.01049 0.00759 0.01089 0.00727 0.01963 0.0068 0.00908 0.01182 0.00844 0.01079 0.00671 0.00787 0.01359 0.00742 0.00925 0.01727 0.01482 0.00798 0.01567 0.00706 0.01419 0.00683 0.007 0.01231 0.00876 0.00822 0.01266 0.01298 0.01082 0.00717 0.01257 0.01412 0.00677 0.01921 0.01489 0.00751 0.00881 0.01084 0.00756 0.00928 0.01966 0.00879 0.00871 0.00773 0.01489 0.00777 0.01224 0.00993 0.00958 0.01135 0.01631 0.00677 0.00782 0.01736 
0.01408 0.01463 0.01017 0.01034 0.01561 0.01189 0.01218 0.01062 0.00838 0.00772 0.01282 0.01073 0.00824 0.00788 0.01084 0.01401 0.01144 0.01258 0.00937 0.0093 0.00829 0.00741 0.00805 0 0.00956 0.01165 0.01054 0.01191 0.01619 0.00776 0.01504 0.00829 0.01289 0.01197 0.00804 0.00675 0.01987 0.00768 0.00881 0.01264 0.01099 0.007 0.0086 0.00974 0.00935 0.01113 0.0075 0.01141 0.00937 0.00833 0.01748 0.01215 0.01452 0.00993 0.01709 0.01977 0.00688 0.00806 0.00828 0.00805 0.00979 0.00876 0.0084 0.007 0.00886 0.00795 0.01367 0.0094 0.01423 0.01019 0.01859 0.00943 0.01313 0.00787 0.00882 0.00789 0.0109 0.00926 0.01536 0.00746 0.0077 0.01394 0.00996 0.01122 0.00745 0.0108 0.01412 0.00786 0.00965 0.01108 0.00966 0.01283 0.01857 0.00706 0.01578 0.00686 0.01052 0.00879 0.0185 0.01041 
0.00681 0.01078 0.00847 0.00904 0.01184 0.01222 0.00961 0.00985 0.01134 0.00897 0.00691 0.00996 0.0194 0.00683 0.01813 0.00756 0.00893 0.00767 0.01136 0.01337 0.00771 0.01467 0.00774 0.00679 0 0.01008 0.00684 0.0082 0.01579 0.00837 0.00785 0.01571 0.01548 0.00992 0.00715 0.01518 0.01061 0.00758 0.0104 0.00858 0.00924 0.00775 0.01631 0.01833 0.01359 0.0069 0.0067 0.00911 0.00935 0.00966 0.01013 0.01352 0.00984 0.00846 0.01779 0.01304 0.01595 0.01446 0.00891 0.01426 0.01357 0.01002 0.01557 0.00733 0.01809 0.01613 0.00807 0.00836 0.01461 0.01265 0.01069 0.01241 0.01645 0.00704 0.00734 0.00704 0.01151 0.00931 0.007 0.01185 0.00848 0.00918 0.01091 0.01854 0.01619 0.01255 0.01447 0.00669 0.01555 0.01841 0.01534 0.0193 0.00926 0.0078 0.01183 0.01413 0.00667 0.01074 0.00956 0.01192 
0.01513 0.01111 0.00717 0.00682 0.00889 0.01025 0.01104 0.01361 0.01295 0.00675 0.01366 0.00714 0.01127 0.009 0.00721 0.00802 0.00937 0.01225 0.00799 0.00704 0.01156 0.00797 0.00762 0.01196 0.01571 0 0.01752 0.00859 0.01323 0.01202 0.0183 0.0072 0.01091 0.01364 0.00834 0.00902 0.01635 0.01883 0.01109 0.01746 0.01134 0.01105 0.01552 0.01325 0.01256 0.00711 0.00761 0.01807 0.01403 0.00851 0.00915 0.01159 0.01677 0.01545 0.00669 0.00805 0.00942 0.00997 0.00748 0.01022 0.01689 0.01047 0.01002 0.01417 0.00718 0.01998 0.01277 0.00688 0.0114 0.01219 0.00934 0.01211 0.01092 0.00913 0.00911 0.00783 0.0154 0.01831 0.01592 0.00737 0.01464 0.01037 0.00694 0.00954 0.00713 0.00689 0.01071 0.01079 0.00827 0.01319 0.01008 0.01131 0.00742 0.009 0.00733 0.01266 0.01337 0.01355 0.01839 0.00701 
0.00946 0.00841 0.01288 0.00686 0.00677 0.01712 0.00913 0.01102 0.01145 0.01245 0.00748 0.00912 0.00796 0.0122 0.01627 0.01479 0.00998 0.01764 0.00974 0.00869 0.01741 0.01276 0.00929 0.00912 0.00714 0.00861 0 0.00838 0.0142 0.00686 0.01281 0.01377 0.01636 0.01456 0.00995 0.00788 0.01045 0.00754 0.00712 0.00756 0.01011 0.00778 0.01324 0.01483 0.00681 0.01189 0.00755 0.01129 0.00673 0.013 0.01221 0.01405 0.00736 0.00735 0.0135 0.0101 0.01637 0.00921 0.0162 0.00797 0.00729 0.01875 0.00946 0.00684 0.00822 0.00705 0.00866 0.01274 0.00943 0.01338 0.00803 0.00859 0.00867 0.00967 0.01167 0.01 0.00847 0.00739 0.01617 0.01687 0.01749 0.01004 0.01299 0.00727 0.01611 0.00862 0.01037 0.01136 0.00816 0.00687 0.00692 0.01013 0.00822 0.01272 0.01173 0.01697 0.01102 0.01654 0.00867 0.01604 
0.0188 0.01298 0.01429 0.01045 0.01124 0.01163 0.00724 0.01137 0.01167 0.01301 0.00855 0.01263 0.01197 0.01135 0.01845 0.00734 0.01296 0.00794 0.00711 0.0072 0.0087 0.00682 0.00799 0.00868 0.01441 0.00782 0.01502 0 0.00845 0.01537 0.00995 0.01382 0.00725 0.00705 0.00698 0.01213 0.01299 0.01334 0.01173 0.00872 0.01119 0.0067 0.01283 0.01081 0.00745 0.01159 0.00891 0.01808 0.01015 0.0131 0.01305 0.00746 0.00708 0.00937 0.01695 0.01775 0.00893 0.00976 0.01236 0.00943 0.01392 0.0156 0.00761 0.01305 0.00789 0.00892 0.00982 0.0097 0.01255 0.00779 0.01207 0.00749 0.01029 0.01027 0.01059 0.0096 0.00712 0.01049 0.00697 0.00743 0.0085 0.00775 0.01549 0.01007 0.00696 0.01614 0.00833 0.01271 0.00807 0.01044 0.00887 0.01086 0.01434 0.00837 0.01153 0.01041 0.01416 0.00685 0.00745 0.00769 
0.01054 0.01755 0.01244 0.00806 0.01461 0.00765 0.00746 0.01082 0.01498 0.01087 0.01912 0.00789 0.00895 0.01565 0.00913 0.01036 0.01235 0.01291 0.0074 0.00861 0.01237 0.01039 0.00992 0.00779 0.01342 0.01113 0.00789 0.00953 0 0.0073 0.01015 0.01128 0.00852 0.00832 0.01552 0.00932 0.01189 0.00803 0.00783 0.01068 0.0162 0.00843 0.01299 0.01009 0.00736 0.01989 0.00754 0.00826 0.01655 0.00827 0.01139 0.00744 0.00839 0.00785 0.00822 0.01117 0.00767 0.00697 0.00858 0.00721 0.01282 0.0069 0.01584 0.00822 0.01036 0.01525 0.01028 0.01642 0.00687 0.01077 0.015 0.0134 0.01341 0.00773 0.01314 0.01015 0.01711 0.00712 0.0115 0.01086 0.01308 0.0089 0.01252 0.00964 0.01494 0.00764 0.01319 0.00757 0.00801 0.01873 0.01359 0.0082 0.0159 0.00996 0.00684 0.00698 0.00786 0.00776 0.01648 0.01112 
0.0153 0.0108 0.01144 0.00705 0.00864 0.00822 0.0071 0.01153 0.00809 0.0124 0.01976 0.00718 0.00794 0.00974 0.01039 0.00898 0.00903 0.007 0.00876 0.00784 0.01599 0.01167 0.00699 0.01253 0.01709 0.01502 0.00982 0.01414 0.00745 0 0.0087 0.01152 0.01571 0.01646 0.00964 0.01135 0.00702 0.00932 0.01006 0.0194 0.00707 0.00782 0.00762 0.01643 0.00738 0.01164 0.01944 0.01603 0.01603 0.00816 0.00946 0.01173 0.00864 0.00693 0.01064 0.0102 0.00784 0.00857 0.01128 0.00917 0.01003 0.00748 0.00781 0.00844 0.0096 0.00689 0.01266 0.00779 0.00877 0.0095 0.01443 0.00777 0.0168 0.01296 0.00962 0.01134 0.00718 0.01032 0.00709 0.01068 0.01299 0.01256 0.01152 0.00902 0.01005 0.00792 0.01181 0.01502 0.00978 0.00923 0.00753 0.007 0.00885 0.01012 0.00887 0.01496 0.01806 0.00909 0.01744 0.01688 
0.01749 0.01373 0.01156 0.00755 0.01449 0.00766 0.01543 0.01704 0.00734 0.01176 0.01531 0.00678 0.01183 0.00809 0.00854 0.01029 0.01628 0.01414 0.01705 0.0154 0.01779 0.00847 0.00853 0.00867 0.00747 0.00746 0.00974 0.01335 0.00692 0.00714 0 0.01985 0.0108 0.00824 0.00795 0.01565 0.01004 0.00722 0.01677 0.01555 0.01841 0.00861 0.01065 0.00768 0.0166 0.01659 0.01063 0.01672 0.0069 0.01279 0.00724 0.01015 0.00809 0.00684 0.00893 0.00731 0.01201 0.01142 0.00952 0.01317 0.01935 0.00736 0.01796 0.01412 0.01064 0.00845 0.00838 0.00674 0.00751 0.01166 0.01952 0.00895 0.0174 0.01768 0.0081 0.01082 0.01975 0.00892 0.01749 0.00694 0.00913 0.00925 0.0074 0.01068 0.01067 0.00953 0.01444 0.01166 0.00952 0.00869 0.00873 0.0083 0.00732 0.00742 0.00752 0.0079 0.01016 0.0096 0.01061 0.01674 
0.01158 0.01056 0.01146 0.00955 0.00773 0.01179 0.0083 0.00822 0.01273 0.00883 0.01291 0.01373 0.00761 0.01556 0.01161 0.0171 0.00732 0.01174 0.00766 0.00805 0.01024 0.01207 0.00677 0.00944 0.00712 0.0067 0.00761 0.00673 0.0107 0.00999 0.01576 0 0.00919 0.00871 0.00691 0.01215 0.01047 0.01861 0.00986 0.01102 0.00902 0.00905 0.01217 0.01436 0.0074 0.0145 0.01115 0.00694 0.00802 0.01163 0.00962 0.00953 0.00853 0.00858 0.00703 0.00814 0.00952 0.00751 0.01407 0.01594 0.01047 0.00903 0.00705 0.01716 0.01033 0.00696 0.00801 0.00868 0.01158 0.01593 0.01199 0.00861 0.01887 0.00759 0.00769 0.007 0.01349 0.0068 0.00962 0.00725 0.00757 0.00738 0.00978 0.01817 0.01718 0.0072 0.01671 0.00815 0.0073 0.00668 0.00887 0.01124 0.00702 0.01987 0.00968 0.01164 0.01153 0.01054 0.01551 0.01091 
0.00679 0.01018 0.00763 0.01582 0.00775 0.01206 0.0198 0.00847 0.01114 0.00817 0.01012 0.00775 0.00676 0.00953 0.01075 0.01075 0.01714 0.00964 0.00689 0.00758 0.00735 0.01246 0.01496 0.01101 0.01627 0.01028 0.00681 0.0111 0.00713 0.00701 0.01964 0.00866 0 0.01447 0.01834 0.01235 0.00882 0.00724 0.01066 0.00958 0.00691 0.00862 0.01615 0.0097 0.01023 0.00878 0.00816 0.00973 0.01186 0.00792 0.01426 0.00753 0.01311 0.01557 0.00777 0.00769 0.01186 0.01789 0.01379 0.00981 0.00741 0.01907 0.01195 0.01757 0.01165 0.00738 0.01115 0.00896 0.00772 0.00743 0.01312 0.01065 0.00967 0.00677 0.00712 0.0121 0.00783 0.00678 0.00706 0.01604 0.01658 0.01531 0.00857 0.01137 0.01096 0.01596 0.01291 0.01385 0.00879 0.00946 0.00829 0.0106 0.01624 0.00903 0.01221 0.01275 0.01341 0.00826 0.01205 0.01951 
0.00744 0.00695 0.00764 0.01329 0.01742 0.01343 0.00906 0.01857 0.00781 0.0085 0.01659 0.01299 0.00742 0.00827 0.01023 0.00799 0.00703 0.01205 0.01662 0.00682 0.00693 0.01798 0.01049 0.00948 0.0074 0.00699 0.00768 0.00743 0.01652 0.00997 0.01056 0.00741 0.00902 0 0.00803 0.00755 0.00871 0.009 0.00826 0.01664 0.01565 0.0171 0.00697 0.00677 0.00727 0.00931 0.00671 0.01735 0.01439 0.0086 0.01535 0.00778 0.0079 0.00792 0.01378 0.01307 0.01385 0.01012 0.00669 0.01008 0.01044 0.0189 0.00997 0.01528 0.0113 0.00679 0.00898 0.00916 0.00848 0.01405 0.01592 0.01818 0.01857 0.0109 0.01459 0.00898 0.01036 0.0095 0.01847 0.0076 0.01626 0.00693 0.00701 0.00682 0.0117 0.01256 0.01469 0.01338 0.00795 0.00931 0.01064 0.00747 0.01768 0.01459 0.01198 0.00976 0.01553 0.00753 0.01316 0.01067 
0.0156 0.00756 0.00672 0.0068 0.00851 0.01473 0.01456 0.01167 0.0111 0.01226 0.01204 0.0163 0.01778 0.01451 0.01213 0.00905 0.00683 0.0145 0.00697 0.00951 0.01091 0.01926 0.00846 0.01492 0.00872 0.01753 0.0124 0.00768 0.01279 0.00942 0.00839 0.01268 0.00817 0.01332 0 0.00747 0.01866 0.01271 0.00679 0.01058 0.01753 0.00868 0.01352 0.00993 0.00718 0.00996 0.00726 0.01026 0.01179 0.01751 0.0102 0.01192 0.01081 0.00947 0.00705 0.01966 0.01077 0.00717 0.01015 0.00922 0.01647 0.00847 0.01088 0.01036 0.01209 0.01231 0.00866 0.01451 0.00851 0.01964 0.01099 0.01522 0.01031 0.01342 0.01336 0.01163 0.01151 0.01495 0.01101 0.01274 0.00855 0.00759 0.00829 0.01019 0.00716 0.0092 0.00708 0.00769 0.01514 0.01296 0.00989 0.01349 0.01481 0.01869 0.00923 0.01112 0.01154 0.00913 0.01632 0.01335 
0.01232 0.00872 0.01681 0.01477 0.00739 0.01157 0.0171 0.00924 0.00673 0.01029 0.01165 0.00824 0.01284 0.00715 0.00969 0.0114 0.00675 0.01981 0.01386 0.00808 0.00837 0.00667 0.01806 0.01655 0.00821 0.01672 0.01087 0.00919 0.01051 0.00806 0.00771 0.01113 0.01113 0.01176 0.01014 0 0.00947 0.00959 0.00696 0.00857 0.01681 0.0128 0.00857 0.00672 0.01341 0.00725 0.0106 0.00999 0.01177 0.0083 0.01686 0.00771 0.01086 0.00992 0.01428 0.01156 0.01044 0.00741 0.00841 0.01637 0.01327 0.01134 0.00939 0.00762 0.00847 0.00835 0.01837 0.01292 0.01755 0.01563 0.00756 0.01365 0.0099 0.00802 0.008 0.01137 0.00982 0.01658 0.00994 0.01286 0.00817 0.00709 0.00944 0.01434 0.00867 0.00955 0.01648 0.00939 0.00782 0.01884 0.00874 0.00875 0.00926 0.00846 0.01199 0.00946 0.00776 0.00726 0.0079 0.01317 
0.015 0.0147 0.01108 0.00827 0.01268 0.01655 0.01658 0.00669 0.00748 0.01294 0.00758 0.00699 0.00966 0.01402 0.00744 0.01478 0.01179 0.00927 0.00982 0.01046 0.01159 0.01657 0.01302 0.01118 0.00871 0.0104 0.01236 0.00703 0.00678 0.00731 0.0067 0.01264 0.00869 0.01787 0.0091 0.00933 0 0.01223 0.01377 0.00703 0.01572 0.00985 0.00788 0.00746 0.00684 0.00934 0.0128 0.01072 0.00985 0.00685 0.00962 0.01831 0.00725 0.01011 0.00742 0.00928 0.00704 0.01067 0.00711 0.01426 0.01891 0.00693 0.00714 0.0101 0.00859 0.00713 0.00714 0.01699 0.00848 0.00742 0.01383 0.016 0.00746 0.01523 0.01165 0.00844 0.00908 0.01469 0.00739 0.00963 0.00996 0.0068 0.00973 0.01739 0.01387 0.00756 0.01483 0.01587 0.01155 0.00837 0.00746 0.0093 0.01647 0.01029 0.00802 0.0139 0.01019 0.00776 0.01005 0.01725 
0.01072 0.0194 0.01836 0.00765 0.01083 0.00949 0.01573 0.0082 0.00991 0.00787 0.0085 0.00689 0.0085 0.01416 0.01048 0.01225 0.01089 0.00852 0.0071 0.00796 0.01016 0.00755 0.01039 0.01404 0.0182 0.01821 0.00702 0.00861 0.01517 0.00812 0.01308 0.00988 0.00902 0.00993 0.01299 0.01373 0.00793 0 0.01477 0.01 0.01282 0.01039 0.01798 0.00805 0.00796 0.01375 0.01354 0.00694 0.00711 0.00802 0.01019 0.00805 0.01029 0.01557 0.01203 0.01506 0.00973 0.01478 0.00827 0.0075 0.00973 0.0157 0.00901 0.01452 0.01027 0.0096 0.01223 0.00965 0.0113 0.01046 0.00833 0.00816 0.01371 0.01344 0.01519 0.01004 0.00987 0.00696 0.01862 0.01693 0.01533 0.00892 0.00791 0.01071 0.00681 0.00864 0.00725 0.01935 0.00965 0.00783 0.00757 0.01124 0.0097 0.00815 0.01229 0.00711 0.00791 0.00983 0.00723 0.00881 
0.00931 0.00928 0.00922 0.00794 0.01542 0.00756 0.01057 0.01006 0.01549 0.01857 0.01284 0.01302 0.0108 0.01147 0.00809 0.00855 0.01827 0.00757 0.00936 0.00946 0.00681 0.01197 0.00748 0.01515 0.01035 0.00895 0.00772 0.01083 0.00775 0.01768 0.0128 0.00776 0.01863 0.00768 0.01396 0.01341 0.01002 0.01886 0 0.00962 0.00832 0.00856 0.00736 0.00851 0.00719 0.01743 0.01161 0.01124 0.00985 0.01944 0.0106 0.0067 0.01019 0.01098 0.01018 0.00835 0.00976 0.01536 0.01319 0.01728 0.00817 0.00998 0.00751 0.01517 0.01885 0.00781 0.01546 0.00677 0.01192 0.01588 0.00739 0.00753 0.00935 0.01923 0.01945 0.00729 0.01377 0.0092 0.00823 0.01399 0.01058 0.01157 0.01083 0.00822 0.0071 0.01468 0.00804 0.01185 0.01986 0.00718 0.00983 0.00699 0.01082 0.01615 0.01259 0.01366 0.01165 0.00785 0.00846 0.00668 
0.01037 0.01037 0.01445 0.01298 0.00734 0.01011 0.01113 0.00753 0.00996 0.01004 0.00791 0.01711 0.00694 0.01221 0.00821 0.01827 0.0072 0.00972 0.01444 0.00683 0.01063 0.00982 0.01503 0.0194 0.01561 0.01025 0.01339 0.00892 0.00691 0.00814 0.00712 0.00794 0.01063 0.01801 0.01203 0.017 0.00785 0.01254 0.00838 0 0.00785 0.00703 0.01023 0.00925 0.01342 0.00765 0.00715 0.01832 0.01401 0.01228 0.00737 0.00668 0.00743 0.00679 0.0138 0.00951 0.01102 0.00875 0.00976 0.00712 0.01108 0.00673 0.00875 0.0164 0.01535 0.01178 0.01147 0.00799 0.00688 0.01175 0.01175 0.00861 0.00853 0.00951 0.01155 0.00839 0.00673 0.01021 0.00669 0.00877 0.00828 0.00937 0.00669 0.00902 0.01828 0.00759 0.01681 0.01132 0.01382 0.01278 0.01079 0.01838 0.00871 0.00912 0.01706 0.00735 0.01962 0.0103 0.00715 0.0068 
0.01402 0.01415 0.01344 0.01099 0.00722 0.01514 0.00757 0.00937 0.0093 0.00942 0.01569 0.01121 0.00802 0.01151 0.0068 0.00771 0.01848 0.00932 0.00715 0.01182 0.01821 0.00719 0.00817 0.01664 0.00972 0.00924 0.01013 0.01036 0.00753 0.01089 0.0161 0.00805 0.00899 0.0105 0.0091 0.00913 0.00783 0.01119 0.00668 0.01348 0 0.01285 0.00742 0.01706 0.00707 0.00934 0.01438 0.0084 0.01276 0.00854 0.01145 0.00801 0.01007 0.00786 0.01867 0.01323 0.01038 0.0192 0.01335 0.01609 0.00864 0.01235 0.01228 0.01407 0.00705 0.01206 0.01596 0.01764 0.01936 0.01756 0.01306 0.01721 0.00829 0.01356 0.01355 0.00801 0.01637 0.00708 0.00779 0.00912 0.00742 0.00819 0.00891 0.01389 0.01684 0.00793 0.0072 0.00734 0.01857 0.00709 0.00819 0.01248 0.01436 0.01276 0.01603 0.00679 0.00833 0.01127 0.0165 0.01648 
0.00732 0.01983 0.01222 0.00726 0.00796 0.01047 0.00916 0.00807 0.01452 0.01452 0.00819 0.01041 0.00835 0.00999 0.01344 0.00854 0.00834 0.00973 0.0077 0.00834 0.00828 0.01 0.01036 0.01581 0.01083 0.0093 0.01402 0.00757 0.01117 0.01308 0.0132 0.00751 0.01128 0.00836 0.01267 0.00958 0.00708 0.00857 0.01223 0.01625 0.01855 0 0.01016 0.00879 0.00786 0.0151 0.01962 0.01256 0.01372 0.0143 0.00915 0.01202 0.01358 0.00745 0.01179 0.00848 0.00903 0.0109 0.00885 0.00684 0.01173 0.00872 0.00766 0.00687 0.00745 0.00804 0.01578 0.01146 0.00697 0.00895 0.0167 0.00679 0.01012 0.00738 0.01963 0.01026 0.0076 0.0116 0.01352 0.00674 0.01656 0.00809 0.01098 0.01479 0.00702 0.01236 0.00896 0.007 0.00912 0.01375 0.01404 0.00806 0.01409 0.01114 0.00974 0.00713 0.01699 0.01034 0.00936 0.01336 
0.01353 0.01927 0.01731 0.00958 0.00851 0.00673 0.0067 0.01977 0.00676 0.00813 0.00771 0.00722 0.00675 0.00759 0.01046 0.00678 0.0135 0.01463 0.01525 0.00933 0.01263 0.00966 0.00886 0.00863 0.00888 0.0154 0.01371 0.01519 0.01012 0.00744 0.00956 0.00971 0.01148 0.01024 0.00728 0.0139 0.0104 0.01669 0.00737 0.00722 0.01033 0.0183 0 0.01235 0.00815 0.00688 0.0074 0.00729 0.00733 0.01165 0.0109 0.00984 0.00902 0.00735 0.01005 0.00737 0.01155 0.01578 0.00756 0.01307 0.01991 0.00774 0.00879 0.00855 0.00693 0.00927 0.01327 0.01754 0.01095 0.01171 0.00838 0.01239 0.00949 0.01787 0.01284 0.00756 0.00797 0.01424 0.01703 0.01203 0.0077 0.01743 0.01335 0.00946 0.00891 0.01624 0.01394 0.01801 0.01396 0.00985 0.00939 0.00862 0.00878 0.01388 0.01652 0.00682 0.00677 0.00768 0.00914 0.01256 
0.00686 0.01205 0.00729 0.00807 0.00803 0.01462 0.0162 0.01785 0.00911 0.01508 0.01326 0.01336 0.01396 0.01097 0.00829 0.00692 0.00891 0.01109 0.00889 0.01107 0.00794 0.01258 0.01259 0.01559 0.01186 0.0077 0.01627 0.01011 0.01012 0.00723 0.01455 0.0109 0.01126 0.01005 0.00738 0.0091 0.00852 0.00789 0.01352 0.0077 0.01599 0.00755 0.00794 0 0.00905 0.01682 0.009 0.01108 0.01153 0.00678 0.01483 0.00748 0.01003 0.00826 0.01754 0.00703 0.0147 0.00679 0.01541 0.00889 0.00832 0.00758 0.0069 0.00973 0.01812 0.01023 0.0068 0.01147 0.00713 0.01005 0.00855 0.01013 0.01749 0.00776 0.00917 0.00706 0.01138 0.00672 0.01424 0.00859 0.01021 0.00679 0.0076 0.01177 0.00726 0.00805 0.00928 0.01195 0.01784 0.01644 0.00966 0.01788 0.00976 0.01733 0.01045 0.00848 0.01431 0.00891 0.01244 0.00891 
0.01106 0.01557 0.017 0.01653 0.01117 0.00717 0.01108 0.01198 0.01182 0.01584 0.01192 0.01232 0.01097 0.01937 0.01627 0.00692 0.01261 0.00689 0.01011 0.0084 0.00722 0.0178 0.01665 0.00986 0.01056 0.00949 0.0193 0.00777 0.00815 0.00907 0.00728 0.00728 0.01021 0.00827 0.01914 0.00814 0.00918 0.01279 0.00772 0.01036 0.01567 0.00808 0.009 0.01226 0 0.00754 0.0162 0.00863 0.01377 0.00785 0.01308 0.00925 0.01551 0.00668 0.01215 0.01996 0.0194 0.00779 0.01141 0.00729 0.0067 0.01469 0.01058 0.01102 0.00899 0.00978 0.0067 0.00751 0.00778 0.00925 0.01251 0.01626 0.00931 0.01973 0.00723 0.00819 0.01207 0.00699 0.01695 0.01522 0.01283 0.00789 0.01774 0.01002 0.01124 0.01107 0.01089 0.01371 0.01104 0.01046 0.00879 0.01481 0.01277 0.01018 0.0164 0.01142 0.00756 0.00844 0.00796 0.00926 
0.00759 0.00725 0.00847 0.00745 0.01138 0.01563 0.01119 0.00823 0.00796 0.00911 0.00718 0.00967 0.00717 0.00668 0.01021 0.00737 0.01988 0.01536 0.00942 0.00706 0.0124 0.00983 0.00775 0.01437 0.01545 0.008 0.0088 0.0096 0.00897 0.00833 0.00756 0.01041 0.01238 0.00671 0.01857 0.01076 0.0129 0.00818 0.00696 0.01189 0.01608 0.00939 0.00684 0.00955 0.00751 0 0.01335 0.01126 0.0093 0.00824 0.00906 0.01356 0.00989 0.00732 0.00758 0.01012 0.0081 0.01921 0.00819 0.00786 0.00806 0.01766 0.01059 0.01381 0.00753 0.00867 0.00738 0.01025 0.01703 0.00916 0.01775 0.0129 0.01273 0.00996 0.00992 0.01317 0.01594 0.01169 0.00866 0.01053 0.01109 0.00998 0.0075 0.01059 0.00782 0.00696 0.00703 0.01205 0.01165 0.0104 0.01531 0.00806 0.01625 0.01104 0.00808 0.00725 0.00762 0.01921 0.00772 0.00775 
0.00723 0.00754 0.01396 0.0124 0.00838 0.00954 0.01131 0.00989 0.01045 0.01971 0.00881 0.00688 0.01247 0.01229 0.00868 0.01159 0.0085 0.00814 0.0114 0.01052 0.01636 0.01568 0.00892 0.01038 0.01411 0.00799 0.00723 0.00766 0.00686 0.00933 0.00817 0.01006 0.01309 0.01656 0.01207 0.00848 0.00683 0.01152 0.00858 0.0098 0.00755 0.00829 0.00858 0.00745 0.00945 0.00991 0 0.00751 0.0163 0.00712 0.00839 0.00686 0.01089 0.00714 0.01148 0.01347 0.01192 0.01233 0.01721 0.00926 0.00797 0.0094 0.0083 0.01718 0.00945 0.00788 0.00713 0.00711 0.00912 0.01687 0.0144 0.00747 0.01412 0.00885 0.01184 0.00672 0.00691 0.01506 0.00728 0.01164 0.00674 0.00692 0.01553 0.00761 0.00764 0.00951 0.00725 0.00815 0.00689 0.0129 0.01824 0.01741 0.01031 0.01348 0.00704 0.00925 0.00845 0.00697 0.00856 0.00944 
0.01054 0.00792 0.01856 0.00674 0.01354 0.01108 0.00933 0.01414 0.011 0.01595 0.01082 0.00711 0.00863 0.0071 0.01842 0.01267 0.00768 0.01265 0.0153 0.01212 0.00673 0.00943 0.01337 0.00895 0.00812 0.0182 0.00985 0.00806 0.01972 0.00991 0.01936 0.01598 0.01126 0.01234 0.01303 0.01655 0.00857 0.00674 0.0077 0.0159 0.00676 0.00673 0.01256 0.00668 0.00983 0.00705 0.01018 0 0.0168 0.00931 0.00718 0.01852 0.00821 0.01387 0.01038 0.01062 0.00848 0.00948 0.00788 0.01767 0.01383 0.00874 0.00903 0.00767 0.01437 0.00893 0.00724 0.01099 0.01799 0.01672 0.00755 0.00737 0.01733 0.00822 0.00901 0.01161 0.00681 0.00956 0.0124 0.01087 0.00773 0.00921 0.00719 0.01481 0.0156 0.00897 0.00844 0.00824 0.01407 0.01135 0.00834 0.01275 0.00698 0.01426 0.00748 0.01427 0.0072 0.01266 0.01104 0.01629 
0.01047 0.00719 0.0139 0.00935 0.00817 0.00844 0.00803 0.01363 0.01157 0.0103 0.01495 0.01793 0.0075 0.00702 0.00803 0.00872 0.00784 0.01496 0.01407 0.00705 0.00793 0.00887 0.00829 0.0087 0.0135 0.00846 0.00799 0.01978 0.01193 0.01074 0.00697 0.01303 0.0157 0.00932 0.00695 0.00808 0.00912 0.00864 0.01239 0.0084 0.01131 0.01206 0.00723 0.01346 0.01209 0.00805 0.01475 0.00772 0 0.0188 0.00993 0.01348 0.01663 0.0166 0.01013 0.01337 0.00772 0.00713 0.00975 0.00711 0.00871 0.01007 0.01689 0.01768 0.00693 0.00688 0.01429 0.01463 0.00796 0.01635 0.01748 0.00669 0.00806 0.01158 0.00852 0.00734 0.01247 0.00732 0.00833 0.01165 0.00757 0.00863 0.00667 0.00854 0.01643 0.01277 0.00747 0.00854 0.01442 0.00703 0.00674 0.01394 0.01766 0.00864 0.00692 0.01108 0.00711 0.01501 0.0171 0.01412 
0.00678 0.00927 0.01167 0.01542 0.01603 0.00762 0.00886 0.01481 0.00942 0.00673 0.01465 0.00776 0.00846 0.01637 0.00723 0.01056 0.00922 0.01167 0.01131 0.01001 0.01872 0.01014 0.00844 0.00798 0.00675 0.01052 0.01055 0.00795 0.01367 0.01051 0.00751 0.0146 0.016 0.01192 0.00765 0.0078 0.0138 0.01172 0.01238 0.01531 0.01143 0.01604 0.00819 0.00764 0.0104 0.01086 0.00998 0.00669 0.00892 0 0.01098 0.00805 0.01268 0.01045 0.00926 0.00707 0.01587 0.00804 0.01082 0.01824 0.00839 0.01501 0.01079 0.01087 0.01171 0.01472 0.01132 0.00888 0.00928 0.00724 0.00771 0.0125 0.01789 0.01393 0.00716 0.0092 0.01074 0.00824 0.00806 0.0109 0.01835 0.00734 0.01786 0.01078 0.0079 0.01034 0.00989 0.01031 0.00814 0.00748 0.00702 0.0079 0.01897 0.00895 0.01538 0.00758 0.00767 0.01304 0.01014 0.01147 
0.01945 0.00734 0.00979 0.01915 0.01788 0.00688 0.00669 0.01837 0.01137 0.01109 0.01291 0.00918 0.01013 0.01003 0.01902 0.01015 0.00977 0.01311 0.01538 0.00865 0.01167 0.00718 0.0147 0.01563 0.00743 0.00734 0.01501 0.01138 0.01858 0.00677 0.00862 0.00679 0.01089 0.00987 0.0075 0.00773 0.00767 0.01453 0.0091 0.01178 0.01243 0.01707 0.00695 0.00912 0.01207 0.01107 0.01943 0.01833 0.01142 0.00862 0 0.01156 0.01188 0.00707 0.01175 0.01861 0.01586 0.01433 0.00934 0.00669 0.00969 0.00681 0.01525 0.00836 0.0111 0.01251 0.00855 0.01005 0.00839 0.01362 0.01877 0.01101 0.00756 0.01414 0.0094 0.01063 0.00903 0.00906 0.00731 0.01894 0.01027 0.01604 0.00774 0.01193 0.00953 0.01785 0.00856 0.01058 0.01119 0.00794 0.01585 0.00832 0.01047 0.00821 0.01058 0.00755 0.00731 0.00823 0.00896 0.01476 
0.00872 0.00806 0.01109 0.0086 0.01485 0.0154 0.00746 0.00879 0.00812 0.00797 0.01066 0.01285 0.01422 0.00924 0.00818 0.0092 0.00788 0.00792 0.00945 0.00953 0.01657 0.00863 0.0154 0.01367 0.00829 0.0139 0.01202 0.0105 0.00894 0.00877 0.00733 0.01366 0.00742 0.00747 0.00681 0.01354 0.00732 0.01039 0.00759 0.01344 0.01209 0.01913 0.01152 0.01963 0.01373 0.01356 0.01341 0.01261 0.00909 0.00748 0.01316 0 0.01187 0.00868 0.01659 0.01006 0.01118 0.0076 0.01007 0.00957 0.00896 0.0104 0.00864 0.00855 0.00797 0.00744 0.01589 0.00806 0.00703 0.01922 0.00683 0.00808 0.01263 0.00873 0.01989 0.00881 0.01079 0.01022 0.01295 0.00856 0.01471 0.00818 0.01773 0.01009 0.00888 0.00801 0.01726 0.00749 0.00705 0.0067 0.01505 0.0103 0.00779 0.00721 0.00777 0.00792 0.01053 0.01983 0.01202 0.01163 
0.01066 0.00971 0.00943 0.00715 0.00673 0.00863 0.00698 0.00927 0.0076 0.00857 0.01404 0.0104 0.00794 0.01244 0.00836 0.00932 0.01341 0.00708 0.01213 0.00912 0.01227 0.01555 0.01236 0.01006 0.008 0.0084 0.01718 0.00846 0.0116 0.00887 0.0099 0.00749 0.00872 0.00894 0.01698 0.01773 0.01019 0.01032 0.01935 0.01936 0.00678 0.01819 0.00691 0.00978 0.00686 0.00762 0.00785 0.00733 0.01061 0.01163 0.01629 0.01178 0 0.01461 0.00805 0.00667 0.01588 0.00972 0.00756 0.01734 0.00955 0.00724 0.0136 0.01056 0.00959 0.01376 0.01315 0.00995 0.01398 0.00986 0.01218 0.01012 0.00812 0.00681 0.01669 0.01292 0.00791 0.01058 0.00801 0.00901 0.0078 0.01268 0.00935 0.0123 0.00758 0.01327 0.00717 0.00824 0.0104 0.00898 0.00826 0.01488 0.01245 0.0071 0.00922 0.01458 0.01313 0.0188 0.01263 0.01068 
0.01163 0.01024 0.01172 0.01234 0.01366 0.01012 0.00744 0.00965 0.01582 0.01256 0.01772 0.0106 0.01284 0.00795 0.00934 0.00944 0.00974 0.01181 0.00686 0.00728 0.00926 0.00846 0.00813 0.00714 0.01024 0.00686 0.01413 0.00811 0.00857 0.00858 0.01473 0.01881 0.00741 0.0087 0.00929 0.01329 0.01316 0.01039 0.01287 0.0112 0.00868 0.00879 0.01436 0.01006 0.01541 0.0106 0.01338 0.01172 0.00722 0.01486 0.01913 0.0081 0.01064 0 0.00792 0.00724 0.00777 0.01471 0.00831 0.01007 0.01399 0.00747 0.01886 0.01099 0.00879 0.01162 0.00855 0.01513 0.01086 0.00732 0.01206 0.00756 0.01907 0.00794 0.00699 0.00963 0.01916 0.01262 0.01186 0.01565 0.00897 0.01403 0.00864 0.00669 0.0075 0.00701 0.01233 0.01235 0.00729 0.01102 0.01065 0.01461 0.0075 0.01579 0.00908 0.00677 0.01622 0.01154 0.00946 0.0138 
0.01046 0.00799 0.00886 0.01249 0.00748 0.00815 0.00865 0.00768 0.00688 0.0067 0.01054 0.01889 0.01518 0.00886 0.0069 0.00872 0.00722 0.01151 0.01289 0.0069 0.01377 0.0071 0.01066 0.01635 0.01635 0.00771 0.01132 0.01141 0.01712 0.01183 0.00832 0.01651 0.01688 0.01802 0.00721 0.00692 0.00749 0.0136 0.00731 0.01227 0.01923 0.0164 0.01096 0.00813 0.01877 0.01371 0.00959 0.01114 0.00739 0.00712 0.00716 0.00675 0.0126 0.01888 0 0.00869 0.01103 0.00679 0.01359 0.0118 0.01597 0.01355 0.00794 0.01435 0.00793 0.01385 0.01404 0.0116 0.00751 0.01746 0.0069 0.00775 0.01317 0.00766 0.01346 0.01982 0.01225 0.0084 0.00904 0.0101 0.00958 0.016 0.01695 0.00936 0.01538 0.0144 0.01353 0.00768 0.00879 0.0135 0.00741 0.00792 0.00981 0.00791 0.00753 0.00737 0.00973 0.01386 0.01752 0.00974 
0.01146 0.00875 0.00907 0.00902 0.01784 0.00736 0.0085 0.00673 0.00715 0.01268 0.00923 0.01817 0.01589 0.01672 0.00904 0.00817 0.00714 0.00821 0.01034 0.00958 0.00762 0.01294 0.01079 0.01755 0.01365 0.00675 0.01077 0.01023 0.01721 0.00742 0.00691 0.01471 0.01177 0.0109 0.00776 0.01355 0.0105 0.00925 0.01057 0.01947 0.00779 0.0146 0.00908 0.01418 0.01778 0.00702 0.01755 0.01652 0.00685 0.00892 0.01484 0.00881 0.0155 0.00668 0.01093 0 0.0167 0.01344 0.00694 0.00895 0.0122 0.00913 0.00947 0.01001 0.0071 0.00762 0.01044 0.00674 0.00964 0.00969 0.01905 0.01009 0.00855 0.0079 0.00943 0.00927 0.01979 0.01018 0.00845 0.00943 0.0075 0.00715 0.01173 0.00802 0.01353 0.0088 0.00827 0.00765 0.00695 0.00782 0.0074 0.01541 0.0094 0.01188 0.01275 0.016 0.01461 0.01194 0.00889 0.0186 
0.01444 0.01083 0.00798 0.00963 0.01138 0.01248 0.00997 0.01456 0.00871 0.01038 0.01565 0.01108 0.00705 0.01485 0.0126 0.00703 0.01273 0.01353 0.00767 0.01342 0.00718 0.01537 0.01645 0.00681 0.00692 0.01079 0.00845 0.01363 0.01945 0.01103 0.00855 0.00985 0.01982 0.00678 0.00864 0.01047 0.01407 0.00731 0.0069 0.01067 0.01104 0.00796 0.01099 0.00799 0.01507 0.00868 0.00919 0.01932 0.00971 0.00947 0.01385 0.00772 0.01992 0.01714 0.01101 0.01464 0 0.01247 0.01589 0.00716 0.00697 0.00768 0.01963 0.00686 0.00732 0.00744 0.01269 0.01153 0.00853 0.01833 0.00866 0.01056 0.01059 0.01952 0.01282 0.01241 0.01201 0.01039 0.01558 0.01502 0.00682 0.00688 0.00962 0.00865 0.00871 0.00766 0.00791 0.01666 0.00793 0.01692 0.01083 0.00699 0.00682 0.01457 0.00846 0.01056 0.00886 0.01208 0.01033 0.00718 
0.00768 0.01481 0.00736 0.00753 0.0092 0.00767 0.01186 0.0127 0.00796 0.01495 0.00815 0.00938 0.00672 0.00675 0.00942 0.00709 0.00761 0.01747 0.00905 0.00674 0.00992 0.01092 0.01068 0.00696 0.01278 0.01173 0.00973 0.00801 0.01139 0.00877 0.01026 0.01376 0.01454 0.00683 0.00838 0.00941 0.00898 0.00905 0.00761 0.01852 0.00863 0.00973 0.01286 0.01049 0.01893 0.01447 0.0121 0.00705 0.00846 0.00968 0.00825 0.01344 0.0133 0.01409 0.01769 0.00696 0.01059 0 0.0122 0.00842 0.00746 0.00687 0.00976 0.00946 0.01688 0.01034 0.00996 0.01434 0.00791 0.00961 0.00845 0.00677 0.01608 0.01968 0.00808 0.01035 0.01154 0.01347 0.01383 0.0086 0.01412 0.01378 0.00967 0.0101 0.01055 0.00943 0.01228 0.00872 0.00689 0.01755 0.01154 0.0076 0.01027 0.00926 0.00732 0.00715 0.00734 0.00712 0.01134 0.01674 
0.00735 0.01574 0.01572 0.00963 0.01333 0.01045 0.0196 0.00872 0.01545 0.00943 0.00766 0.01354 0.01146 0.00741 0.01472 0.00807 0.01577 0.01167 0.00822 0.00909 0.00728 0.00674 0.00732 0.01184 0.00894 0.00845 0.00949 0.01649 0.01501 0.01197 0.01268 0.00996 0.01923 0.0073 0.00813 0.00716 0.01504 0.00905 0.01716 0.00795 0.00724 0.00743 0.01189 0.00783 0.00836 0.00667 0.01463 0.00899 0.00688 0.00909 0.01248 0.01144 0.01032 0.00908 0.01267 0.00845 0.01952 0.00718 0 0.00869 0.00765 0.01332 0.0096 0.01779 0.00848 0.01224 0.01055 0.00989 0.0171 0.00817 0.00828 0.00721 0.00916 0.01146 0.01173 0.01591 0.0076 0.00844 0.00736 0.01948 0.01376 0.00884 0.01395 0.00697 0.01191 0.00946 0.01437 0.00943 0.01385 0.00719 0.00746 0.00756 0.01138 0.00699 0.01668 0.00754 0.00687 0.01009 0.0074 0.01274 
0.00671 0.01171 0.01604 0.00815 0.0073 0.01464 0.00812 0.00755 0.00668 0.00713 0.0119 0.0133 0.01372 0.0092 0.00924 0.01605 0.0129 0.01286 0.01066 0.01121 0.00771 0.01248 0.00848 0.0144 0.01103 0.01486 0.01036 0.01258 0.00674 0.00948 0.01344 0.01648 0.018 0.0104 0.01041 0.00955 0.00734 0.00792 0.00824 0.00755 0.00707 0.01409 0.00696 0.00822 0.01515 0.01587 0.01396 0.00728 0.00832 0.01782 0.00827 0.01119 0.00941 0.00756 0.0097 0.00777 0.00918 0.01707 0.00992 0 0.01205 0.00848 0.01017 0.01064 0.01845 0.01161 0.01027 0.01148 0.01038 0.00982 0.01403 0.00818 0.0078 0.01043 0.01853 0.01568 0.00841 0.01578 0.01937 0.0086 0.0067 0.01486 0.00678 0.00803 0.00734 0.00683 0.01141 0.01024 0.01812 0.00828 0.00766 0.0181 0.01075 0.00815 0.01821 0.00775 0.01102 0.01111 0.00772 0.00816 
0.00739 0.01045 0.00883 0.01186 0.01011 0.00723 0.01799 0.00918 0.00863 0.00833 0.0132 0.01023 0.01342 0.00753 0.01125 0.01676 0.01066 0.01692 0.01681 0.01343 0.01845 0.00904 0.00694 0.00722 0.01246 0.00787 0.00953 0.01393 0.00728 0.00773 0.01401 0.00713 0.00799 0.01083 0.01867 0.00683 0.00689 0.00949 0.00685 0.00787 0.00753 0.01411 0.01965 0.01346 0.00689 0.00844 0.01498 0.01061 0.00724 0.01203 0.00808 0.00923 0.00994 0.01121 0.01859 0.01294 0.00856 0.0112 0.0067 0.01627 0 0.00754 0.00996 0.00774 0.00896 0.01551 0.00842 0.00983 0.00723 0.01631 0.00759 0.00959 0.00749 0.01522 0.00774 0.0085 0.01701 0.00676 0.01509 0.0069 0.00753 0.00838 0.00835 0.01024 0.01405 0.01804 0.00694 0.01206 0.00722 0.00785 0.01017 0.01346 0.00821 0.01 0.00753 0.00812 0.01556 0.00772 0.00848 0.00812 
0.00867 0.00697 0.00711 0.00842 0.01724 0.00884 0.01225 0.01281 0.01305 0.01032 0.00831 0.01554 0.01136 0.01769 0.00888 0.01966 0.00884 0.01035 0.00909 0.01148 0.00934 0.00718 0.01429 0.01934 0.01633 0.01612 0.01514 0.01271 0.01199 0.00862 0.00878 0.00907 0.01233 0.00725 0.01689 0.00674 0.00722 0.0071 0.00958 0.009 0.00903 0.00881 0.00856 0.01223 0.00825 0.01737 0.00701 0.01865 0.00929 0.01331 0.00907 0.01405 0.01957 0.00723 0.0125 0.00762 0.01328 0.00878 0.01036 0.01969 0.00775 0 0.01216 0.01062 0.00701 0.0119 0.01425 0.00707 0.0144 0.01002 0.00919 0.01351 0.00823 0.01482 0.01171 0.01248 0.01799 0.01958 0.01264 0.01234 0.00802 0.00708 0.00846 0.01445 0.00677 0.01684 0.01446 0.01556 0.01695 0.00668 0.00799 0.0093 0.0194 0.01711 0.00898 0.00748 0.00755 0.00701 0.00876 0.00822 
0.00783 0.01294 0.00816 0.01463 0.00895 0.00813 0.01303 0.0074 0.01817 0.01085 0.00714 0.01276 0.00947 0.00697 0.00941 0.01147 0.0079 0.00708 0.00771 0.01126 0.01031 0.01508 0.00785 0.0082 0.015 0.01423 0.01758 0.01046 0.01001 0.014 0.00841 0.00741 0.01493 0.00756 0.01446 0.01056 0.01799 0.00982 0.01292 0.00978 0.01994 0.00819 0.01093 0.00732 0.00672 0.00688 0.0196 0.00673 0.01 0.00712 0.01268 0.01314 0.01092 0.01417 0.00821 0.00777 0.01076 0.00708 0.0118 0.00933 0.00972 0.01534 0 0.01486 0.0105 0.00727 0.00703 0.01152 0.01077 0.00717 0.00738 0.01082 0.00724 0.01789 0.01428 0.00983 0.0121 0.01257 0.01502 0.01284 0.00691 0.0097 0.00672 0.00684 0.01577 0.01049 0.00767 0.01019 0.00682 0.00767 0.00697 0.01157 0.01308 0.0164 0.0101 0.01211 0.01027 0.00706 0.01128 0.01142 
0.01212 0.00859 0.00796 0.00793 0.01543 0.00954 0.01748 0.01283 0.01019 0.00954 0.01036 0.01021 0.00966 0.019 0.00808 0.01278 0.01156 0.00785 0.01018 0.00703 0.01389 0.00897 0.00805 0.01069 0.0081 0.01163 0.00964 0.01226 0.00863 0.00958 0.00764 0.01217 0.00813 0.00873 0.01206 0.0087 0.01314 0.0073 0.01297 0.00717 0.00778 0.00739 0.01213 0.01522 0.01292 0.00858 0.00711 0.01544 0.00941 0.01136 0.00852 0.01429 0.00818 0.00745 0.01053 0.01229 0.0134 0.00721 0.00735 0.0153 0.0107 0.00767 0.01985 0 0.00697 0.00684 0.00913 0.00706 0.00854 0.00746 0.00711 0.00879 0.01001 0.01035 0.00745 0.01081 0.01642 0.00923 0.00991 0.00978 0.01303 0.01418 0.01303 0.01246 0.00689 0.01202 0.01839 0.00874 0.00943 0.01972 0.00765 0.01048 0.00925 0.01203 0.00806 0.01592 0.01679 0.00883 0.0088 0.00686 
0.00851 0.00824 0.01722 0.00926 0.00929 0.01715 0.00772 0.01018 0.0073 0.01322 0.00781 0.0189 0.01328 0.00691 0.01211 0.01522 0.00871 0.00875 0.00793 0.01078 0.007 0.00726 0.00707 0.01257 0.00914 0.01046 0.01837 0.01122 0.00754 0.00704 0.00762 0.01607 0.00965 0.01195 0.01594 0.01381 0.00914 0.01331 0.00747 0.01165 0.00783 0.00767 0.01709 0.01464 0.00809 0.01163 0.00687 0.00784 0.01464 0.01214 0.00758 0.00849 0.01636 0.01362 0.01328 0.01579 0.01701 0.00968 0.00865 0.00869 0.00931 0.01422 0.00743 0.01877 0 0.0115 0.01777 0.01374 0.00839 0.01768 0.00709 0.01495 0.01444 0.01323 0.01559 0.00837 0.01044 0.01398 0.00983 0.01278 0.00731 0.00925 0.00764 0.01417 0.00921 0.00695 0.0072 0.01223 0.00868 0.00721 0.01638 0.01102 0.01008 0.01079 0.0074 0.00678 0.01851 0.01821 0.00702 0.01684 
0.00795 0.00762 0.01554 0.00918 0.0096 0.00911 0.01284 0.00823 0.00896 0.01625 0.00962 0.00861 0.01588 0.00799 0.0091 0.00893 0.01565 0.00741 0.0127 0.01673 0.01161 0.00866 0.01186 0.01071 0.00753 0.0101 0.00814 0.00919 0.00774 0.00713 0.00951 0.01609 0.01671 0.01228 0.0114 0.01054 0.00967 0.0143 0.01278 0.01008 0.0135 0.00991 0.01674 0.01726 0.00725 0.01136 0.01598 0.01807 0.01102 0.0104 0.01365 0.01188 0.01214 0.00831 0.00825 0.00831 0.00855 0.00752 0.00782 0.00889 0.00842 0.00883 0.00828 0.01984 0.01658 0 0.01106 0.01577 0.01763 0.01321 0.00885 0.00676 0.01859 0.01552 0.00774 0.00945 0.00715 0.00876 0.01169 0.01033 0.00724 0.00742 0.01416 0.01545 0.00762 0.00771 0.00675 0.00877 0.01231 0.00846 0.0082 0.01315 0.00903 0.0105 0.00945 0.0072 0.00697 0.01066 0.0096 0.00755 
0.01577 0.01017 0.00924 0.00991 0.01476 0.01496 0.00828 0.01164 0.00906 0.0185 0.01 0.01736 0.00682 0.00701 0.00849 0.01984 0.00696 0.00961 0.01677 0.01348 0.01469 0.01251 0.01916 0.00871 0.0069 0.01248 0.01779 0.01354 0.01852 0.00953 0.00784 0.01059 0.01417 0.00751 0.00763 0.00676 0.0131 0.0114 0.0095 0.00781 0.00692 0.011 0.01588 0.01463 0.00934 0.01765 0.01232 0.00883 0.00849 0.00717 0.00984 0.00736 0.01369 0.01022 0.01715 0.00918 0.00971 0.01035 0.0073 0.00806 0.01332 0.00727 0.01089 0.01754 0.00859 0.01447 0 0.01143 0.01925 0.01722 0.01487 0.00689 0.00773 0.00826 0.00827 0.01455 0.00949 0.00751 0.00771 0.01 0.0076 0.01712 0.0082 0.0117 0.00795 0.01068 0.01788 0.00802 0.01233 0.00856 0.01924 0.00694 0.01674 0.01553 0.01928 0.00853 0.00839 0.01108 0.00998 0.00782 
0.01073 0.00671 0.011 0.0075 0.0081 0.0067 0.00724 0.01024 0.01287 0.00741 0.01316 0.00892 0.01049 0.01599 0.00761 0.01626 0.01884 0.00917 0.01649 0.01606 0.00926 0.01771 0.00695 0.01112 0.00775 0.00713 0.01136 0.00682 0.01899 0.00904 0.00787 0.01745 0.0099 0.00844 0.00777 0.00685 0.01128 0.00688 0.00752 0.00705 0.00792 0.01493 0.00962 0.00999 0.01697 0.00667 0.00888 0.00789 0.00841 0.00847 0.00788 0.00701 0.01214 0.00928 0.01021 0.01342 0.01774 0.00937 0.00728 0.00743 0.01026 0.0116 0.00833 0.00706 0.01201 0.00763 0.01332 0 0.00709 0.00753 0.01389 0.01205 0.01697 0.01235 0.01424 0.01316 0.00994 0.00853 0.00917 0.01518 0.00702 0.00792 0.00747 0.00892 0.01624 0.00998 0.01082 0.01356 0.01414 0.015 0.00961 0.01905 0.01472 0.01734 0.00677 0.01476 0.00819 0.00748 0.01364 0.01434 
0.00976 0.00801 0.01286 0.00947 0.00868 0.00746 0.00903 0.00813 0.01937 0.01241 0.01029 0.01672 0.01043 0.01025 0.00694 0.0067 0.00788 0.00689 0.01795 0.01158 0.01115 0.00904 0.00804 0.01607 0.00721 0.00952 0.01797 0.01288 0.01351 0.00707 0.00854 0.01649 0.0165 0.00705 0.00691 0.01136 0.00704 0.00833 0.01024 0.01025 0.00847 0.01925 0.01442 0.0125 0.00689 0.01415 0.01028 0.01402 0.00809 0.01399 0.01063 0.00998 0.00736 0.01356 0.01742 0.00789 0.01319 0.0091 0.00755 0.00681 0.00745 0.0088 0.00896 0.00944 0.01548 0.00811 0.01083 0.017 0 0.01033 0.0128 0.01486 0.01101 0.00701 0.01941 0.00669 0.00915 0.00847 0.0121 0.00675 0.01791 0.01623 0.01116 0.00827 0.0098 0.01025 0.01288 0.00902 0.00746 0.0162 0.00705 0.01792 0.00894 0.01329 0.01615 0.00817 0.00916 0.01797 0.0148 0.00735 
0.01129 0.008 0.01078 0.01266 0.01147 0.01528 0.00995 0.00747 0.01637 0.00695 0.00724 0.00747 0.00738 0.00849 0.00774 0.00817 0.01659 0.00819 0.01371 0.00863 0.00928 0.01281 0.01134 0.00788 0.01328 0.01091 0.00681 0.00685 0.00745 0.00799 0.01634 0.01753 0.01056 0.01013 0.00948 0.00988 0.01722 0.01109 0.00808 0.01873 0.00714 0.00919 0.01192 0.00777 0.00685 0.009 0.00669 0.01626 0.01484 0.00922 0.01499 0.01246 0.00896 0.01009 0.00739 0.01159 0.01371 0.00907 0.01393 0.00842 0.01955 0.01451 0.00716 0.01319 0.00702 0.01275 0.01097 0.01702 0.0084 0 0.00739 0.00796 0.01009 0.01186 0.00757 0.01348 0.00681 0.00711 0.00882 0.00961 0.01299 0.01603 0.01103 0.00916 0.00767 0.00797 0.01419 0.00805 0.00815 0.01215 0.00838 0.01539 0.0107 0.0144 0.01915 0.01282 0.01625 0.00774 0.01439 0.00913 
0.01754 0.00873 0.00965 0.01032 0.01032 0.01461 0.01282 0.00816 0.00996 0.01568 0.00804 0.01277 0.01024 0.0104 0.01578 0.01892 0.00764 0.00778 0.00882 0.01728 0.00762 0.00935 0.01101 0.00681 0.00706 0.01602 0.00667 0.00878 0.01088 0.014 0.01136 0.01089 0.01101 0.00673 0.01076 0.00818 0.00923 0.0086 0.00821 0.01231 0.01708 0.00876 0.01716 0.01547 0.00968 0.00791 0.01237 0.00881 0.01 0.01954 0.01175 0.00706 0.01537 0.0091 0.0068 0.00829 0.00879 0.00668 0.00714 0.01825 0.00687 0.00687 0.01431 0.01283 0.00676 0.0072 0.0156 0.01409 0.0125 0.01955 0 0.00909 0.01753 0.01036 0.01659 0.01348 0.0074 0.00757 0.00925 0.00847 0.01051 0.00906 0.00707 0.00686 0.01045 0.01309 0.00894 0.009 0.00831 0.01361 0.00884 0.00856 0.00682 0.01124 0.01926 0.01213 0.00798 0.01185 0.0067 0.00994 
0.00959 0.00732 0.0112 0.00822 0.00822 0.00703 0.01012 0.00987 0.00937 0.01024 0.01838 0.01477 0.00822 0.00955 0.01047 0.0145 0.01969 0.00847 0.01033 0.00685 0.0186 0.00863 0.00698 0.00685 0.00732 0.00701 0.00911 0.00687 0.01022 0.00958 0.0079 0.01196 0.00895 0.0132 0.01464 0.00789 0.01964 0.0092 0.0135 0.00763 0.01696 0.01135 0.00964 0.00724 0.01045 0.01273 0.01191 0.00951 0.01457 0.01141 0.01342 0.00996 0.01176 0.01427 0.01089 0.00842 0.0124 0.00693 0.00719 0.00841 0.01291 0.01321 0.00911 0.01172 0.00783 0.01153 0.00965 0.01316 0.01641 0.01696 0.01737 0 0.01412 0.01044 0.01574 0.01613 0.01748 0.00708 0.00699 0.00782 0.00862 0.0069 0.01204 0.00941 0.01603 0.0111 0.00942 0.01002 0.00806 0.01019 0.00689 0.00719 0.00704 0.00943 0.01541 0.00709 0.00914 0.00997 0.01126 0.01954 
0.01487 0.00683 0.01607 0.00847 0.01298 0.01362 0.0121 0.01939 0.00786 0.01466 0.01809 0.00703 0.00711 0.01166 0.00705 0.01276 0.00709 0.0106 0.00952 0.0077 0.01483 0.01096 0.00763 0.0097 0.01011 0.007 0.00893 0.00946 0.01678 0.0078 0.01049 0.0118 0.00796 0.01884 0.0076 0.01216 0.01714 0.00924 0.00792 0.00937 0.00961 0.00707 0.00737 0.00987 0.0183 0.0086 0.01844 0.00668 0.00961 0.01313 0.0172 0.01159 0.00714 0.01349 0.01276 0.01228 0.01495 0.00884 0.00857 0.01518 0.00967 0.01382 0.01257 0.00892 0.0104 0.01647 0.01338 0.01137 0.0081 0.01378 0.01568 0.00979 0 0.00672 0.00759 0.01031 0.00874 0.0085 0.01568 0.01636 0.00916 0.00729 0.00778 0.00668 0.00849 0.00746 0.01251 0.00766 0.01343 0.00692 0.00747 0.00843 0.00995 0.01084 0.01085 0.00802 0.00723 0.01685 0.00949 0.01164 
0.00811 0.01301 0.00919 0.01192 0.00703 0.01835 0.00738 0.00785 0.00682 0.00725 0.01863 0.00724 0.01347 0.01762 0.00866 0.01433 0.01392 0.00836 0.0075 0.01808 0.01678 0.0088 0.01981 0.01879 0.01751 0.01265 0.01937 0.00674 0.00715 0.01234 0.00854 0.0068 0.00721 0.0093 0.01083 0.00947 0.01713 0.00826 0.00871 0.00688 0.00809 0.0165 0.00677 0.0072 0.00986 0.00785 0.0142 0.01203 0.01095 0.00836 0.00749 0.00703 0.00873 0.00763 0.01212 0.00919 0.01625 0.01868 0.01875 0.00702 0.00737 0.00707 0.01 0.01472 0.0089 0.01189 0.00846 0.00957 0.00913 0.00917 0.00774 0.00867 0.01777 0 0.0078 0.01279 0.00806 0.01351 0.01245 0.01734 0.00999 0.00716 0.01586 0.01586 0.01071 0.01601 0.00979 0.00957 0.01201 0.01055 0.00815 0.00932 0.01507 0.01526 0.00949 0.00728 0.01648 0.00853 0.00785 0.00869 
0.01164 0.0095 0.01792 0.00782 0.01117 0.01044 0.01309 0.00733 0.00863 0.00994 0.01407 0.00905 0.00819 0.01781 0.01849 0.00841 0.01634 0.01019 0.01323 0.00711 0.01543 0.01633 0.00759 0.00884 0.00822 0.01216 0.01064 0.00881 0.01907 0.00928 0.00803 0.00919 0.01922 0.0071 0.01099 0.01769 0.01286 0.01882 0.00853 0.00983 0.01456 0.01142 0.00842 0.01611 0.00685 0.00746 0.01198 0.01857 0.00717 0.01446 0.00998 0.01465 0.00936 0.00798 0.01715 0.01574 0.00752 0.01134 0.01988 0.01365 0.01647 0.01376 0.01959 0.01896 0.00723 0.01254 0.00782 0.00667 0.00981 0.00814 0.0095 0.00684 0.01935 0.01885 0 0.01088 0.00982 0.0132 0.00845 0.00894 0.00803 0.01094 0.00968 0.00714 0.00878 0.01312 0.00679 0.007 0.00988 0.00952 0.00922 0.01157 0.00691 0.015 0.0152 0.01032 0.00869 0.00717 0.00944 0.00713 
0.01365 0.01488 0.00715 0.00785 0.00982 0.00868 0.01638 0.01983 0.01769 0.01492 0.01524 0.00676 0.00781 0.00733 0.00908 0.01107 0.00783 0.01371 0.01261 0.01026 0.00793 0.01101 0.00739 0.00867 0.00777 0.01023 0.00922 0.01019 0.00672 0.01584 0.01014 0.00816 0.00952 0.00743 0.00766 0.00746 0.01723 0.01038 0.00731 0.01993 0.01394 0.01309 0.00711 0.01688 0.00704 0.00786 0.0095 0.01103 0.00674 0.01466 0.00672 0.00932 0.01613 0.01141 0.01526 0.0094 0.00837 0.01814 0.00876 0.01727 0.01054 0.01061 0.00686 0.01381 0.01208 0.01524 0.01347 0.01768 0.01243 0.01914 0.01254 0.00994 0.01269 0.01256 0.01305 0 0.00734 0.007 0.00847 0.0092 0.00722 0.00778 0.01393 0.00699 0.00708 0.00759 0.00881 0.01591 0.00898 0.00986 0.0135 0.00824 0.01271 0.01992 0.00853 0.00678 0.01014 0.01457 0.01442 0.01204 
0.01252 0.00874 0.00977 0.01864 0.01966 0.01042 0.00789 0.01569 0.00699 0.0096 0.01313 0.00859 0.01248 0.0106 0.01995 0.00675 0.0073 0.0104 0.01022 0.01124 0.0127 0.00904 0.01766 0.0109 0.00685 0.00896 0.00697 0.00955 0.00966 0.01252 0.00739 0.00803 0.01024 0.01061 0.00864 0.00797 0.01106 0.01034 0.01034 0.00829 0.01273 0.00854 0.00972 0.01332 0.01088 0.0091 0.01011 0.0081 0.01891 0.00722 0.00906 0.00792 0.01503 0.01049 0.01321 0.00698 0.00843 0.00772 0.01789 0.00696 0.01359 0.0074 0.01145 0.00852 0.0165 0.01277 0.01045 0.00769 0.01248 0.01315 0.01093 0.00946 0.01212 0.0096 0.01037 0.01961 0 0.00906 0.01122 0.01744 0.01145 0.01154 0.0075 0.01 0.01025 0.00679 0.01274 0.01122 0.00894 0.01493 0.01434 0.01647 0.01568 0.00795 0.01084 0.01051 0.00936 0.0108 0.008 0.01826 
0.01223 0.01555 0.01859 0.00698 0.0091 0.00763 0.00912 0.009 0.01338 0.00869 0.00959 0.01813 0.01205 0.00727 0.01105 0.01449 0.00837 0.00914 0.00696 0.01386 0.00769 0.01112 0.01339 0.01941 0.00942 0.00685 0.00687 0.01486 0.01859 0.00928 0.00767 0.01347 0.00726 0.00824 0.00904 0.00899 0.01108 0.0068 0.00911 0.01226 0.00682 0.00698 0.00746 0.00857 0.01039 0.01347 0.01099 0.00753 0.01147 0.00725 0.00969 0.01152 0.00725 0.01026 0.01222 0.01164 0.00668 0.0078 0.01125 0.01512 0.01092 0.00884 0.00699 0.00888 0.00806 0.0113 0.01361 0.00952 0.01958 0.01104 0.01079 0.007 0.00906 0.00874 0.00776 0.01635 0.00738 0 0.00761 0.00768 0.00914 0.00837 0.01005 0.01582 0.00956 0.01202 0.00799 0.01258 0.00871 0.01366 0.01124 0.00726 0.00894 0.00738 0.00993 0.00803 0.00694 0.00911 0.00705 0.01043 
0.01294 0.01527 0.00789 0.01383 0.00734 0.00677 0.00712 0.01208 0.00689 0.0071 0.01952 0.01467 0.00721 0.01427 0.01249 0.01103 0.00803 0.01328 0.00851 0.00877 0.00796 0.01199 0.01321 0.01164 0.01213 0.01347 0.0117 0.01021 0.00719 0.00831 0.01102 0.01124 0.01031 0.00946 0.01067 0.01174 0.00703 0.00717 0.00865 0.00962 0.01591 0.00696 0.00716 0.01719 0.00952 0.01993 0.01829 0.01065 0.01395 0.00682 0.00815 0.00806 0.00882 0.00871 0.01752 0.00765 0.00671 0.00682 0.014 0.01144 0.01071 0.00949 0.01133 0.01181 0.01323 0.01352 0.00801 0.00886 0.00794 0.00838 0.01115 0.01097 0.00691 0.01883 0.00793 0.00806 0.01487 0.01167 0 0.01492 0.00691 0.01675 0.00675 0.00832 0.00673 0.01152 0.00833 0.0107 0.00994 0.00953 0.01265 0.01944 0.00961 0.00752 0.01515 0.00881 0.0123 0.01986 0.00831 0.01329 
0.01565 0.00691 0.009 0.00974 0.01046 0.00949 0.0199 0.01587 0.00809 0.01147 0.00892 0.00714 0.01365 0.00869 0.00746 0.0107 0.01294 0.01084 0.00706 0.01482 0.01527 0.00748 0.00766 0.00715 0.00698 0.00717 0.01317 0.0081 0.01046 0.00723 0.00796 0.00732 0.00686 0.00707 0.01131 0.0135 0.01438 0.01622 0.00723 0.01282 0.01063 0.00718 0.00956 0.00672 0.01083 0.00737 0.00834 0.00959 0.01506 0.00751 0.00904 0.01043 0.00893 0.00825 0.00723 0.01251 0.01022 0.0165 0.01577 0.00675 0.00922 0.01436 0.0072 0.01176 0.0189 0.00873 0.0177 0.0099 0.01282 0.01208 0.01243 0.00818 0.01615 0.0091 0.01911 0.00817 0.00671 0.00685 0.00835 0 0.00961 0.01335 0.00732 0.0131 0.00836 0.00729 0.01483 0.00877 0.01752 0.01226 0.01307 0.01981 0.00962 0.00808 0.01702 0.01149 0.01375 0.0101 0.01158 0.00897 
0.0089 0.01107 0.01108 0.00821 0.0085 0.00668 0.01363 0.0089 0.00884 0.00831 0.01387 0.00746 0.01118 0.01056 0.0081 0.00956 0.00784 0.01894 0.00835 0.00686 0.01098 0.00856 0.01215 0.01188 0.01818 0.01032 0.00882 0.00854 0.01222 0.00723 0.01519 0.01213 0.00933 0.01394 0.01642 0.00966 0.00895 0.00862 0.01728 0.00892 0.00869 0.00691 0.01818 0.01035 0.00735 0.01825 0.01331 0.01062 0.01049 0.00793 0.01935 0.01226 0.01182 0.00791 0.01203 0.00691 0.01803 0.0075 0.01437 0.01193 0.01541 0.00806 0.01872 0.01641 0.01104 0.00781 0.00914 0.012 0.01175 0.01698 0.00854 0.00885 0.01586 0.00973 0.00785 0.00788 0.00715 0.00775 0.00903 0.01033 0 0.01505 0.00762 0.00683 0.00954 0.0087 0.00991 0.01206 0.00998 0.01781 0.01203 0.00793 0.00735 0.01389 0.00696 0.01697 0.00678 0.00809 0.01113 0.01275 
0.01818 0.00692 0.0073 0.01396 0.01375 0.00681 0.01071 0.01525 0.00771 0.00964 0.00733 0.00762 0.0089 0.01024 0.01804 0.00972 0.0082 0.00969 0.01081 0.00733 0.01276 0.00751 0.01863 0.00724 0.01136 0.01793 0.00792 0.00698 0.01123 0.01687 0.01203 0.01013 0.01351 0.00682 0.00772 0.00694 0.0153 0.01783 0.00748 0.00998 0.0139 0.01775 0.01336 0.00759 0.01247 0.00711 0.01128 0.00678 0.01481 0.012 0.00981 0.01042 0.00753 0.0148 0.00955 0.01494 0.01217 0.0073 0.01045 0.00759 0.00912 0.00926 0.01159 0.00952 0.00894 0.01111 0.01223 0.00729 0.00728 0.00938 0.00734 0.00679 0.00985 0.01053 0.00756 0.01463 0.00718 0.0136 0.01704 0.00811 0.01083 0 0.0139 0.01229 0.00732 0.01278 0.01368 0.0127 0.01044 0.00705 0.00811 0.00901 0.012 0.00747 0.01485 0.01188 0.00712 0.01004 0.00732 0.01645 
0.00729 0.01813 0.01722 0.00762 0.01101 0.00836 0.00691 0.01344 0.00761 0.01374 0.00754 0.00767 0.01037 0.00954 0.01347 0.00975 0.00709 0.01183 0.01694 0.01604 0.01068 0.01005 0.01117 0.01489 0.01523 0.01632 0.00971 0.00732 0.01732 0.01245 0.00857 0.00891 0.0104 0.01113 0.01299 0.01335 0.01044 0.00823 0.01997 0.01598 0.00695 0.01145 0.01368 0.00793 0.01754 0.00761 0.0074 0.00958 0.01991 0.01579 0.01822 0.00724 0.00934 0.00888 0.00689 0.00821 0.0092 0.0118 0.01014 0.01948 0.01311 0.01054 0.01437 0.00842 0.00674 0.00833 0.0136 0.01037 0.01624 0.01104 0.01781 0.01424 0.01291 0.01253 0.01756 0.01085 0.00963 0.00796 0.00833 0.00998 0.00828 0.01182 0 0.01015 0.01349 0.01061 0.015 0.00898 0.00872 0.00822 0.01194 0.01172 0.01289 0.00719 0.0078 0.00743 0.01011 0.00808 0.00724 0.00733 
0.01593 0.00827 0.00881 0.00679 0.00761 0.00805 0.01357 0.00867 0.00801 0.00866 0.01782 0.00904 0.00708 0.01073 0.01091 0.01087 0.01236 0.01001 0.01871 0.01521 0.01464 0.01062 0.00937 0.00814 0.00692 0.01585 0.0093 0.01874 0.01322 0.01242 0.00844 0.00782 0.0101 0.01747 0.01419 0.00872 0.00788 0.0195 0.0092 0.00713 0.00785 0.01231 0.01155 0.01526 0.00796 0.00751 0.01393 0.01079 0.01912 0.00836 0.0126 0.01218 0.00684 0.00998 0.0087 0.01882 0.00667 0.00843 0.00836 0.01028 0.00916 0.00753 0.00908 0.00781 0.01734 0.01738 0.01078 0.01562 0.00976 0.01009 0.01526 0.01159 0.0086 0.01828 0.01477 0.01999 0.01334 0.00957 0.01151 0.0088 0.01441 0.01874 0.01864 0 0.00701 0.0078 0.00768 0.00726 0.00832 0.00974 0.01277 0.01241 0.00767 0.01036 0.01123 0.00754 0.01467 0.00892 0.01913 0.00841 
0.01335 0.01022 0.00988 0.00708 0.01177 0.0198 0.00882 0.01066 0.01342 0.01657 0.01568 0.0135 0.00861 0.00875 0.00845 0.01953 0.00717 0.00684 0.00668 0.00891 0.01112 0.01545 0.00751 0.0071 0.0067 0.01734 0.00686 0.01713 0.01411 0.00974 0.01209 0.01388 0.01986 0.00686 0.01932 0.01399 0.00917 0.00689 0.01244 0.00741 0.00931 0.01053 0.0178 0.0073 0.01434 0.00756 0.01694 0.01066 0.00742 0.00783 0.00799 0.01637 0.01957 0.00869 0.01772 0.00809 0.00838 0.01056 0.00777 0.01196 0.01398 0.00886 0.00901 0.00774 0.01651 0.00811 0.01079 0.01287 0.0123 0.01002 0.00901 0.01215 0.0068 0.00731 0.00897 0.01303 0.01007 0.0068 0.00782 0.00949 0.00707 0.01573 0.00983 0.01067 0 0.01704 0.0137 0.00805 0.01057 0.01036 0.01006 0.00719 0.00725 0.00844 0.00668 0.00978 0.01459 0.01734 0.01102 0.00948 
0.00715 0.00947 0.01852 0.01269 0.00715 0.00788 0.00751 0.01456 0.00877 0.00942 0.00794 0.01103 0.01713 0.00815 0.00694 0.01039 0.00713 0.01895 0.01635 0.01191 0.00906 0.01208 0.00686 0.01353 0.00687 0.01605 0.0074 0.00953 0.00804 0.01912 0.01837 0.01725 0.008 0.00727 0.00816 0.01769 0.00893 0.01368 0.01668 0.00798 0.0189 0.00692 0.01024 0.01461 0.01392 0.00723 0.01135 0.00684 0.01503 0.01254 0.01923 0.01069 0.01014 0.00916 0.01851 0.01235 0.01213 0.0145 0.01496 0.00753 0.00874 0.01287 0.00991 0.0078 0.01074 0.01148 0.01217 0.00845 0.01928 0.01946 0.00959 0.01183 0.01524 0.01509 0.00863 0.00706 0.00805 0.00695 0.00736 0.00787 0.00854 0.00796 0.00917 0.00686 0.00695 0 0.01656 0.00814 0.00822 0.00895 0.00837 0.01475 0.00801 0.0135 0.00744 0.00779 0.01452 0.00681 0.00918 0.00895 
0.01633 0.00783 0.00727 0.00926 0.00994 0.00715 0.00972 0.00719 0.00922 0.0077 0.00874 0.01209 0.01144 0.0126 0.00986 0.01561 0.00703 0.00949 0.00968 0.00878 0.00783 0.00715 0.01481 0.01166 0.01634 0.00741 0.01697 0.01902 0.01937 0.01704 0.01211 0.01321 0.01887 0.00853 0.01147 0.00888 0.01166 0.00721 0.00679 0.00858 0.01128 0.01452 0.01728 0.01211 0.01337 0.01596 0.01984 0.01849 0.01205 0.01175 0.0167 0.01755 0.01358 0.00961 0.01349 0.00789 0.00908 0.00674 0.00691 0.00966 0.0108 0.01614 0.00786 0.00889 0.00914 0.00978 0.00706 0.01616 0.01069 0.01965 0.00876 0.00698 0.00734 0.01576 0.0068 0.007 0.01045 0.01604 0.00852 0.00854 0.01114 0.01575 0.00802 0.0097 0.00909 0.01976 0 0.00731 0.00974 0.00776 0.00939 0.00906 0.01685 0.01653 0.00882 0.01739 0.00911 0.01195 0.00929 0.01753 
0.00846 0.0088 0.00713 0.00701 0.00737 0.00737 0.01474 0.0096 0.01011 0.00781 0.00674 0.01489 0.01112 0.00803 0.01805 0.00905 0.00744 0.00788 0.01473 0.00743 0.0073 0.00992 0.00915 0.01839 0.00727 0.01058 0.01019 0.01344 0.0082 0.01541 0.00967 0.01374 0.00819 0.00712 0.00718 0.00693 0.00706 0.0076 0.01868 0.01161 0.00739 0.00908 0.0078 0.00738 0.0161 0.01305 0.01505 0.0074 0.00899 0.01038 0.01075 0.00675 0.01316 0.01519 0.01784 0.00756 0.01137 0.01169 0.00819 0.01675 0.01933 0.01016 0.01739 0.0128 0.01156 0.01233 0.00896 0.00703 0.01281 0.01301 0.012 0.01887 0.00736 0.01955 0.00825 0.01932 0.00876 0.01584 0.00767 0.00788 0.00919 0.0078 0.01631 0.00788 0.01158 0.00881 0.00816 0 0.01428 0.00763 0.01104 0.01573 0.00753 0.01271 0.0109 0.00748 0.01803 0.0085 0.00733 0.01091 
0.0088 0.00689 0.01376 0.00801 0.00727 0.01875 0.01512 0.01555 0.00843 0.01141 0.00697 0.0094 0.0068 0.00827 0.0076 0.00839 0.00957 0.00973 0.0083 0.01189 0.0074 0.01185 0.01726 0.00694 0.01697 0.00696 0.01058 0.00779 0.01753 0.01315 0.00893 0.01864 0.01767 0.00793 0.0132 0.00782 0.01627 0.00748 0.01519 0.01409 0.00974 0.00767 0.00975 0.00737 0.01113 0.01408 0.01173 0.00754 0.0103 0.00681 0.00868 0.00813 0.00763 0.0108 0.00736 0.00684 0.01038 0.01222 0.01244 0.00698 0.00779 0.00931 0.00699 0.00786 0.0096 0.01406 0.00843 0.01355 0.01786 0.00736 0.00758 0.00784 0.01001 0.01482 0.00817 0.01217 0.01544 0.0122 0.00944 0.01011 0.01096 0.00984 0.01255 0.0149 0.01503 0.01093 0.0153 0.00963 0 0.00805 0.00902 0.00812 0.00783 0.00915 0.00831 0.01152 0.00932 0.01892 0.00921 0.01111 
0.00847 0.00728 0.0091 0.01376 0.01738 0.01094 0.00786 0.01529 0.01558 0.01835 0.00849 0.0143 0.00716 0.00922 0.01598 0.01847 0.01117 0.00695 0.01905 0.00858 0.01295 0.00768 0.01325 0.01023 0.01964 0.00721 0.01603 0.01834 0.00987 0.00949 0.01118 0.00978 0.01777 0.01451 0.00818 0.00723 0.01377 0.008 0.00682 0.00805 0.00796 0.01285 0.012 0.0074 0.00801 0.00697 0.00738 0.00899 0.00672 0.00872 0.01249 0.00942 0.01398 0.00786 0.01062 0.00735 0.00912 0.01657 0.00853 0.01052 0.00691 0.0146 0.0154 0.00668 0.0068 0.01032 0.01115 0.01646 0.00997 0.01944 0.01666 0.01351 0.01395 0.01403 0.00963 0.0082 0.00833 0.00673 0.00784 0.00724 0.00982 0.01813 0.01983 0.01964 0.0163 0.00843 0.00727 0.00892 0.00814 0 0.00955 0.00684 0.01282 0.00888 0.01102 0.00827 0.00735 0.01026 0.0094 0.00985 
0.00895 0.01146 0.01195 0.00857 0.01244 0.00695 0.00748 0.00978 0.01359 0.014 0.01003 0.01797 0.01796 0.00727 0.01488 0.00757 0.01671 0.01526 0.01071 0.00838 0.01191 0.01048 0.01045 0.00921 0.01995 0.00948 0.01322 0.00896 0.00747 0.00699 0.00742 0.00949 0.0097 0.01525 0.01869 0.00948 0.00815 0.00905 0.01502 0.01168 0.0069 0.00792 0.01585 0.01028 0.00745 0.01421 0.00681 0.00859 0.01786 0.00892 0.00734 0.00836 0.00718 0.00692 0.0072 0.00736 0.00893 0.0096 0.00782 0.0077 0.00942 0.00862 0.00775 0.01596 0.0089 0.0107 0.00716 0.01081 0.00966 0.0164 0.00971 0.00954 0.01248 0.0073 0.0091 0.00826 0.00865 0.00704 0.00917 0.01109 0.00701 0.00956 0.01434 0.00816 0.00944 0.00764 0.00724 0.00717 0.01891 0.00944 0 0.01544 0.01553 0.00915 0.00681 0.00997 0.01174 0.00889 0.00781 0.00839 
0.01256 0.00927 0.01983 0.01285 0.01235 0.0095 0.01181 0.01401 0.00732 0.01026 0.00973 0.01392 0.01364 0.0165 0.01763 0.00669 0.01189 0.00775 0.01952 0.00669 0.01254 0.00676 0.01045 0.01357 0.00746 0.00741 0.0112 0.01571 0.0117 0.00677 0.01044 0.01235 0.0093 0.0106 0.00685 0.01402 0.00843 0.01479 0.00667 0.01366 0.0125 0.01468 0.0084 0.01467 0.00881 0.01495 0.00667 0.00758 0.00768 0.00705 0.00831 0.00728 0.0187 0.00694 0.01312 0.01089 0.0161 0.01285 0.00913 0.00821 0.00879 0.0117 0.00728 0.01942 0.00676 0.00912 0.01391 0.00779 0.01349 0.00794 0.01598 0.00896 0.00688 0.00955 0.01712 0.01595 0.01819 0.00953 0.01246 0.01043 0.01337 0.0127 0.01103 0.00691 0.00772 0.00848 0.00915 0.00964 0.01267 0.01895 0.00912 0 0.01352 0.00673 0.01222 0.00965 0.01376 0.01467 0.00765 0.01024 
0.01386 0.00702 0.01323 0.01144 0.00692 0.00908 0.00734 0.01609 0.00721 0.00982 0.00884 0.01083 0.00671 0.01918 0.01 0.01008 0.01578 0.00753 0.01029 0.00745 0.01042 0.00838 0.00683 0.00786 0.00712 0.00788 0.00844 0.00838 0.00685 0.01111 0.01065 0.01073 0.01005 0.01009 0.00747 0.00815 0.01285 0.00962 0.01223 0.00936 0.01924 0.01427 0.01748 0.00955 0.00805 0.00852 0.01205 0.01463 0.00806 0.00711 0.00858 0.007 0.00802 0.01174 0.01475 0.01757 0.00844 0.01698 0.00764 0.01061 0.01007 0.0184 0.00675 0.00782 0.00762 0.00807 0.01156 0.01086 0.00747 0.00901 0.01289 0.00763 0.01142 0.00961 0.00833 0.0073 0.00683 0.01017 0.01396 0.00784 0.00821 0.00862 0.00763 0.00775 0.00681 0.00682 0.01592 0.00687 0.01463 0.0083 0.00796 0.01419 0 0.00862 0.01229 0.00687 0.00681 0.00718 0.00907 0.00886 
0.01149 0.00913 0.00886 0.01171 0.00938 0.00805 0.00833 0.0163 0.00953 0.0115 0.00752 0.01303 0.0087 0.00831 0.01626 0.00926 0.01549 0.0182 0.00686 0.01022 0.00904 0.00709 0.01433 0.009 0.01421 0.0099 0.00979 0.00742 0.00708 0.00973 0.00791 0.01468 0.01492 0.007 0.01935 0.01668 0.00994 0.007 0.011 0.01177 0.01351 0.01565 0.00965 0.01123 0.00679 0.00973 0.00821 0.01056 0.01519 0.00797 0.00848 0.0144 0.00842 0.00959 0.0094 0.01146 0.00667 0.00754 0.00746 0.00722 0.01556 0.00913 0.00668 0.00938 0.01975 0.01098 0.00836 0.00858 0.00687 0.01414 0.00869 0.01204 0.01693 0.01031 0.01036 0.01064 0.00758 0.00678 0.01041 0.01037 0.00876 0.01343 0.01386 0.0172 0.00727 0.01758 0.01498 0.00695 0.01901 0.00709 0.01991 0.00874 0.00901 0 0.01068 0.00727 0.01428 0.00684 0.01662 0.01032 
0.01021 0.01743 0.01442 0.01046 0.01449 0.00805 0.00841 0.00865 0.00996 0.01415 0.0072 0.00798 0.01543 0.01182 0.01251 0.01537 0.00829 0.01662 0.01248 0.01324 0.01689 0.00952 0.01863 0.01702 0.00863 0.01915 0.01741 0.00706 0.01092 0.0138 0.00867 0.00764 0.0158 0.00865 0.0077 0.00699 0.00929 0.01298 0.00909 0.01293 0.00846 0.01021 0.00734 0.00936 0.01586 0.00984 0.01763 0.00817 0.00974 0.01869 0.00829 0.00857 0.00924 0.01792 0.0124 0.01193 0.00787 0.01055 0.01204 0.00763 0.01073 0.01627 0.0115 0.00679 0.01292 0.00894 0.0078 0.00797 0.00878 0.01324 0.00822 0.01212 0.01487 0.01558 0.00699 0.0071 0.01918 0.00878 0.009 0.01215 0.00672 0.01915 0.01584 0.00777 0.00861 0.00886 0.01675 0.01032 0.00958 0.00869 0.00718 0.0172 0.01269 0.01771 0 0.00759 0.00904 0.01696 0.01397 0.01031 
0.00872 0.01856 0.00994 0.01105 0.00767 0.00725 0.01092 0.0096 0.01022 0.01672 0.00901 0.00959 0.01245 0.00752 0.01399 0.01015 0.01049 0.01527 0.00999 0.01428 0.01435 0.01915 0.01037 0.01016 0.01432 0.00724 0.0117 0.01315 0.01279 0.01669 0.0074 0.00995 0.00725 0.00891 0.01446 0.00973 0.00846 0.01798 0.01759 0.0075 0.00951 0.01135 0.00888 0.01171 0.00891 0.00729 0.00775 0.01929 0.00686 0.0098 0.01062 0.00775 0.00721 0.01365 0.01821 0.00682 0.01357 0.01018 0.0162 0.01641 0.01029 0.00725 0.00931 0.01299 0.0105 0.00935 0.00911 0.01171 0.0162 0.00966 0.01268 0.0138 0.01143 0.01485 0.0132 0.00815 0.00836 0.01198 0.00773 0.00954 0.01063 0.00975 0.00839 0.01083 0.01995 0.01067 0.00868 0.01426 0.00704 0.01456 0.00888 0.01183 0.01274 0.01591 0.0071 0 0.01367 0.01071 0.01541 0.00918 
0.00855 0.00702 0.00692 0.01968 0.00781 0.01071 0.01214 0.00932 0.01187 0.00669 0.0067 0.01802 0.00707 0.00945 0.01056 0.00936 0.01125 0.01209 0.01714 0.00841 0.00775 0.0137 0.01402 0.01158 0.00811 0.01205 0.00668 0.00961 0.00704 0.01225 0.00771 0.01899 0.01167 0.007 0.01427 0.00944 0.01943 0.00844 0.01867 0.01813 0.00694 0.01948 0.00995 0.00986 0.01067 0.00917 0.00805 0.01437 0.00933 0.01212 0.00781 0.01888 0.01018 0.00767 0.00822 0.01351 0.0071 0.00769 0.01135 0.00884 0.01009 0.00692 0.0067 0.0113 0.01021 0.01122 0.01119 0.01843 0.00866 0.00721 0.01317 0.00721 0.01088 0.00909 0.011 0.01683 0.01815 0.01236 0.01202 0.00855 0.01013 0.00682 0.01703 0.00669 0.00924 0.01265 0.00717 0.00722 0.007 0.0075 0.00832 0.01133 0.00684 0.01346 0.01851 0.01362 0 0.00871 0.0074 0.00963 
0.01841 0.01303 0.01407 0.00746 0.00966 0.01207 0.01159 0.00725 0.00912 0.00787 0.01547 0.01147 0.00822 0.01251 0.01885 0.00697 0.01438 0.01708 0.01028 0.00738 0.00957 0.01627 0.0072 0.01473 0.01265 0.01182 0.00887 0.01256 0.01289 0.00924 0.00713 0.01052 0.01998 0.00761 0.0089 0.01323 0.0156 0.01465 0.01279 0.00915 0.01177 0.00889 0.01943 0.00879 0.0105 0.00734 0.00673 0.01337 0.00873 0.00769 0.00856 0.01485 0.01097 0.0083 0.00755 0.01067 0.00947 0.00765 0.01399 0.018 0.00831 0.00919 0.00668 0.00946 0.01024 0.01139 0.01038 0.00832 0.01307 0.00922 0.0076 0.01346 0.0162 0.00786 0.01514 0.01098 0.00678 0.01629 0.01444 0.00737 0.00684 0.00814 0.01018 0.00796 0.0093 0.01705 0.00798 0.01571 0.00751 0.01082 0.01153 0.00759 0.00767 0.00694 0.01328 0.00975 0.01045 0 0.00928 0.00706 
0.00842 0.00833 0.0154 0.01318 0.0075 0.00704 0.00671 0.00844 0.01528 0.01647 0.00842 0.01674 0.01436 0.00764 0.01274 0.01348 0.01466 0.01903 0.00736 0.00731 0.00779 0.00829 0.01304 0.00683 0.00945 0.00895 0.0131 0.0183 0.01412 0.00873 0.0072 0.0102 0.01097 0.01088 0.00864 0.01809 0.01521 0.00784 0.014 0.0084 0.01301 0.00668 0.01967 0.00781 0.00979 0.0161 0.0097 0.01408 0.01994 0.00732 0.01032 0.00681 0.00993 0.00703 0.01183 0.00911 0.00922 0.01036 0.01614 0.00971 0.00746 0.01725 0.01703 0.00948 0.00786 0.00672 0.00799 0.0111 0.00859 0.01296 0.00793 0.00674 0.01394 0.01998 0.01181 0.00789 0.01716 0.01722 0.01361 0.01755 0.01339 0.01968 0.00815 0.01885 0.01139 0.01401 0.00882 0.01404 0.01952 0.01944 0.00822 0.00987 0.01089 0.01494 0.01132 0.01538 0.0183 0.00991 0 0.01925 
0.00962 0.01723 0.00828 0.01326 0.00776 0.00778 0.01443 0.01091 0.01555 0.00762 0.01437 0.00895 0.01356 0.00782 0.00735 0.00925 0.00697 0.00726 0.00837 0.01901 0.00732 0.01232 0.01546 0.01594 0.01377 0.01604 0.01032 0.00685 0.00899 0.00793 0.00736 0.00918 0.01705 0.00705 0.01153 0.00767 0.00771 0.00728 0.00826 0.01338 0.01155 0.01083 0.007 0.00799 0.01034 0.0072 0.01587 0.0125 0.00677 0.01294 0.00954 0.00894 0.01244 0.01094 0.00893 0.01008 0.01469 0.0181 0.01831 0.01817 0.00805 0.00931 0.00776 0.01604 0.00736 0.00853 0.00684 0.00734 0.00839 0.01169 0.00701 0.01319 0.00683 0.01543 0.01136 0.00806 0.0147 0.01003 0.00691 0.00765 0.00846 0.01081 0.00677 0.0152 0.01202 0.00805 0.0091 0.01586 0.00964 0.0177 0.01223 0.00674 0.00759 0.01242 0.00744 0.01305 0.01512 0.00801 0.01316 0 
