125 0.0 5
1 961 181
2 221 524
3 713 780
4 620 930
5 937 219
6 405 672
7 420 40
8 661 256
9 967 777
10 648 70
11 466 559
12 175 761
13 683 411
14 533 122
15 340 857
16 673 452
17 916 830
18 90 767
19 200 985
20 24 323
21 306 660
22 337 546
23 405 102
24 880 888
25 133 290
26 51 64
27 351 555
28 742 963
29 389 949
30 978 596
31 322 177
32 251 308
33 230 599
34 557 478
35 927 368
36 169 529
37 405 575
38 448 480
39 559 10
40 443 803
41 865 399
42 241 36
43 289 322
44 225 34
45 862 968
46 359 429
47 394 148
48 680 697
49 75 359
50 164 305
51 683 922
52 707 207
53 537 669
54 207 874
55 135 27
56 391 735
57 405 111
58 896 218
59 505 340
60 88 143
61 24 271
62 213 263
63 122 160
64 513 769
65 251 50
66 92 657
67 334 49
68 195 187
69 209 981
70 790 187
71 856 502
72 773 766
73 108 885
74 494 264
75 346 502
76 457 867
77 195 102
78 697 356
79 258 194
80 838 577
81 880 13
82 992 732
83 928 805
84 186 970
85 118 533
86 463 872
87 34 891
88 95 700
89 436 519
90 639 849
91 907 64
92 602 924
93 890 946
94 865 192
95 832 8
96 589 545
97 161 205
98 736 205
99 654 865
100 105 303
101 772 954
102 108 764
103 660 712
104 400 884
105 611 490
106 72 71
107 929 885
108 14 620
109 436 191
110 593 743
111 471 921
112 732 304
113 469 79
114 281 252
115 225 307
116 633 388
117 709 382
118 119 603
119 77 697
120 722 784
121 969 952
122 142 668
123 246 630
124 225 409
125 10 897
opening costs
6 443 392 117 929 940 481 327 250 249 166 845 228 108 453 789 760 16 965 15 188 420 637 92 782 571 543 294 921 263 123 449 565 250 336 275 708 670 697 215 921 193 967 153 279 392 861 346 515 453 27 694 461 168 983 282 800 833 369 685 686 53 492 829 933 979 125 787 347 599 172 510 380 178 599 465 722 580 940 716 602 956 727 849 531 951 299 669 963 521 580 192 990 487 135 28 28 126 905 580 687 54 422 509 635 871 734 359 706 869 200 72 392 608 617 910 955 886 699 664 1000 75 249 764 940 
star costs
0.0 816.0 649.0 823.0 45.0 742.0 560.0 310.0 597.0 333.0 623.0 977.0 361.0 433.0 918.0 396.0 651.0 1050.0 1108.0 948.0 812.0 723.0 562.0 712.0 836.0 918.0 716.0 813.0 958.0 416.0 640.0 722.0 843.0 502.0 191.0 866.0 682.0 594.0 437.0 810.0 239.0 735.0 687.0 751.0 794.0 652.0 568.0 588.0 904.0 807.0 792.0 256.0 647.0 1025.0 841.0 795.0 561.0 75.0 483.0 874.0 942.0 753.0 840.0 740.0 722.0 991.0 641.0 767.0 1098.0 172.0 338.0 615.0 1106.0 475.0 694.0 852.0 771.0 317.0 704.0 415.0 187.0 552.0 625.0 1106.0 914.0 852.0 1168.0 1010.0 625.0 742.0 129.0 826.0 769.0 97.0 216.0 521.0 801.0 227.0 750.0 865.0 796.0 1034.0 611.0 900.0 467.0 896.0 705.0 1044.0 526.0 672.0 888.0 260.0 503.0 684.0 747.0 388.0 323.0 942.0 1024.0 649.0 772.0 953.0 845.0 771.0 1191.0 
816.0 0.0 555.0 570.0 779.0 237.0 524.0 516.0 788.0 624.0 248.0 242.0 476.0 509.0 354.0 458.0 760.0 277.0 462.0 282.0 161.0 119.0 461.0 753.0 250.0 491.0 134.0 682.0 457.0 761.0 362.0 219.0 76.0 340.0 724.0 53.0 191.0 232.0 616.0 357.0 657.0 489.0 214.0 491.0 780.0 168.0 414.0 491.0 221.0 227.0 610.0 581.0 348.0 351.0 505.0 271.0 453.0 742.0 339.0 404.0 321.0 262.0 378.0 382.0 475.0 186.0 489.0 339.0 458.0 662.0 636.0 603.0 379.0 377.0 127.0 417.0 423.0 505.0 333.0 620.0 834.0 799.0 761.0 448.0 104.0 424.0 412.0 217.0 216.0 530.0 826.0 553.0 791.0 725.0 800.0 369.0 325.0 606.0 552.0 250.0 699.0 266.0 478.0 403.0 392.0 477.0 795.0 229.0 397.0 432.0 470.0 557.0 510.0 279.0 218.0 434.0 509.0 130.0 226.0 565.0 862.0 165.0 109.0 116.0 429.0 
649.0 555.0 0.0 177.0 605.0 327.0 796.0 527.0 255.0 713.0 332.0 539.0 371.0 683.0 381.0 331.0 210.0 624.0 553.0 827.0 425.0 443.0 745.0 199.0 760.0 976.0 427.0 186.0 366.0 323.0 719.0 661.0 516.0 340.0 465.0 600.0 370.0 401.0 786.0 271.0 411.0 882.0 625.0 892.0 240.0 499.0 708.0 90.0 765.0 726.0 146.0 574.0 209.0 515.0 950.0 326.0 737.0 592.0 487.0 893.0 857.0 720.0 857.0 201.0 864.0 634.0 824.0 788.0 543.0 598.0 313.0 62.0 615.0 561.0 461.0 271.0 854.0 425.0 742.0 239.0 785.0 284.0 217.0 561.0 645.0 267.0 689.0 624.0 381.0 102.0 742.0 182.0 243.0 608.0 782.0 266.0 798.0 576.0 104.0 773.0 184.0 606.0 87.0 330.0 308.0 956.0 241.0 718.0 651.0 126.0 281.0 477.0 743.0 683.0 680.0 401.0 399.0 620.0 642.0 10.0 309.0 582.0 491.0 614.0 713.0 
823.0 570.0 177.0 0.0 779.0 336.0 913.0 676.0 380.0 861.0 402.0 477.0 523.0 813.0 290.0 481.0 313.0 555.0 424.0 851.0 415.0 478.0 856.0 264.0 805.0 1037.0 462.0 127.0 232.0 490.0 810.0 724.0 512.0 457.0 641.0 604.0 416.0 482.0 923.0 218.0 585.0 972.0 693.0 980.0 245.0 565.0 815.0 241.0 790.0 774.0 64.0 729.0 274.0 417.0 1026.0 301.0 847.0 764.0 602.0 950.0 889.0 782.0 918.0 194.0 955.0 595.0 927.0 856.0 415.0 763.0 489.0 225.0 514.0 678.0 509.0 175.0 931.0 580.0 821.0 415.0 954.0 422.0 333.0 436.0 641.0 168.0 588.0 574.0 451.0 84.0 913.0 19.0 271.0 778.0 947.0 387.0 859.0 735.0 74.0 812.0 154.0 539.0 222.0 225.0 441.0 1019.0 313.0 681.0 762.0 189.0 150.0 636.0 865.0 759.0 738.0 543.0 556.0 599.0 591.0 179.0 350.0 546.0 480.0 654.0 611.0 
45.0 779.0 605.0 779.0 0.0 699.0 548.0 279.0 559.0 326.0 581.0 936.0 319.0 416.0 874.0 353.0 612.0 1009.0 1063.0 919.0 770.0 684.0 545.0 672.0 808.0 900.0 676.0 770.0 913.0 380.0 617.0 692.0 803.0 460.0 150.0 829.0 641.0 555.0 432.0 765.0 194.0 720.0 657.0 736.0 753.0 615.0 548.0 543.0 874.0 778.0 748.0 231.0 603.0 981.0 825.0 752.0 543.0 42.0 449.0 853.0 915.0 726.0 818.0 695.0 707.0 952.0 627.0 743.0 1054.0 151.0 295.0 572.0 1064.0 446.0 656.0 807.0 752.0 277.0 680.0 372.0 214.0 516.0 587.0 1063.0 878.0 807.0 1126.0 970.0 584.0 697.0 158.0 781.0 729.0 77.0 236.0 477.0 777.0 202.0 706.0 837.0 754.0 993.0 566.0 855.0 424.0 878.0 667.0 1007.0 502.0 627.0 843.0 222.0 489.0 657.0 718.0 348.0 281.0 904.0 984.0 605.0 734.0 914.0 804.0 737.0 1149.0 
742.0 237.0 327.0 336.0 699.0 0.0 633.0 489.0 572.0 650.0 129.0 247.0 382.0 565.0 197.0 347.0 535.0 330.0 375.0 517.0 100.0 144.0 570.0 522.0 469.0 704.0 129.0 446.0 278.0 579.0 502.0 396.0 190.0 247.0 605.0 276.0 97.0 197.0 680.0 137.0 535.0 657.0 369.0 663.0 545.0 248.0 525.0 277.0 455.0 440.0 374.0 555.0 133.0 283.0 700.0 65.0 561.0 669.0 347.0 617.0 554.0 452.0 586.0 146.0 641.0 314.0 628.0 529.0 366.0 620.0 482.0 380.0 366.0 418.0 180.0 202.0 608.0 431.0 501.0 444.0 813.0 591.0 540.0 370.0 319.0 209.0 431.0 312.0 157.0 294.0 789.0 320.0 558.0 665.0 790.0 224.0 527.0 573.0 316.0 476.0 463.0 311.0 259.0 213.0 275.0 688.0 566.0 395.0 482.0 201.0 258.0 493.0 597.0 438.0 407.0 365.0 421.0 295.0 329.0 337.0 630.0 264.0 165.0 319.0 455.0 
560.0 524.0 796.0 913.0 548.0 633.0 0.0 324.0 918.0 230.0 522.0 762.0 455.0 140.0 821.0 484.0 933.0 799.0 971.0 487.0 631.0 513.0 64.0 965.0 381.0 370.0 520.0 978.0 910.0 788.0 169.0 317.0 591.0 459.0 604.0 550.0 536.0 441.0 143.0 764.0 572.0 180.0 311.0 196.0 1028.0 394.0 112.0 707.0 470.0 369.0 921.0 333.0 640.0 861.0 286.0 696.0 73.0 509.0 312.0 348.0 459.0 305.0 322.0 735.0 170.0 699.0 87.0 269.0 965.0 399.0 636.0 808.0 901.0 236.0 468.0 828.0 234.0 421.0 224.0 681.0 461.0 898.0 919.0 959.0 579.0 834.0 935.0 736.0 480.0 839.0 488.0 903.0 1021.0 471.0 414.0 533.0 308.0 357.0 858.0 411.0 980.0 789.0 714.0 845.0 489.0 350.0 987.0 708.0 152.0 724.0 883.0 409.0 63.0 254.0 331.0 409.0 448.0 639.0 742.0 803.0 1065.0 687.0 616.0 418.0 951.0 
310.0 516.0 527.0 676.0 279.0 489.0 324.0 0.0 605.0 187.0 361.0 701.0 157.0 186.0 682.0 197.0 629.0 767.0 863.0 641.0 538.0 435.0 299.0 669.0 530.0 640.0 431.0 712.0 745.0 465.0 349.0 414.0 551.0 246.0 289.0 563.0 410.0 310.0 267.0 589.0 250.0 475.0 378.0 490.0 740.0 349.0 289.0 442.0 595.0 500.0 667.0 68.0 432.0 767.0 574.0 550.0 295.0 239.0 178.0 585.0 638.0 449.0 548.0 534.0 459.0 697.0 388.0 472.0 855.0 147.0 314.0 523.0 838.0 168.0 400.0 645.0 491.0 107.0 408.0 367.0 328.0 580.0 611.0 858.0 610.0 648.0 893.0 720.0 347.0 594.0 313.0 671.0 728.0 214.0 302.0 298.0 503.0 91.0 610.0 558.0 707.0 751.0 457.0 681.0 240.0 618.0 684.0 743.0 235.0 492.0 692.0 86.0 262.0 381.0 439.0 135.0 135.0 644.0 732.0 532.0 762.0 663.0 559.0 463.0 914.0 
597.0 788.0 255.0 380.0 559.0 572.0 918.0 605.0 0.0 776.0 547.0 793.0 464.0 786.0 633.0 439.0 74.0 878.0 795.0 1047.0 672.0 672.0 879.0 142.0 966.0 1161.0 655.0 292.0 604.0 182.0 881.0 856.0 759.0 508.0 411.0 836.0 598.0 598.0 869.0 525.0 392.0 1038.0 817.0 1051.0 218.0 701.0 851.0 298.0 986.0 932.0 319.0 627.0 444.0 767.0 1121.0 578.0 872.0 564.0 636.0 1084.0 1071.0 913.0 1047.0 455.0 1021.0 884.0 965.0 972.0 785.0 616.0 297.0 195.0 866.0 698.0 680.0 518.0 1026.0 501.0 918.0 238.0 769.0 52.0 49.0 805.0 884.0 513.0 940.0 876.0 591.0 336.0 716.0 394.0 186.0 594.0 781.0 444.0 989.0 617.0 326.0 984.0 264.0 860.0 314.0 578.0 458.0 1140.0 115.0 966.0 791.0 376.0 517.0 529.0 858.0 864.0 879.0 513.0 472.0 866.0 894.0 246.0 176.0 833.0 736.0 829.0 965.0 
333.0 624.0 713.0 861.0 326.0 650.0 230.0 187.0 776.0 0.0 522.0 838.0 343.0 127.0 846.0 383.0 806.0 893.0 1019.0 674.0 682.0 569.0 246.0 851.0 561.0 598.0 569.0 898.0 917.0 621.0 344.0 463.0 675.0 419.0 409.0 664.0 561.0 457.0 108.0 762.0 395.0 409.0 439.0 425.0 924.0 461.0 266.0 628.0 642.0 539.0 853.0 150.0 610.0 918.0 515.0 713.0 247.0 289.0 306.0 565.0 656.0 476.0 534.0 712.0 398.0 809.0 315.0 468.0 1012.0 184.0 480.0 708.0 978.0 248.0 528.0 820.0 455.0 291.0 410.0 542.0 239.0 747.0 787.0 1012.0 704.0 824.0 1026.0 839.0 497.0 780.0 260.0 856.0 909.0 249.0 195.0 479.0 506.0 162.0 796.0 591.0 893.0 880.0 643.0 851.0 422.0 577.0 863.0 840.0 245.0 676.0 870.0 249.0 180.0 410.0 485.0 319.0 318.0 751.0 849.0 718.0 939.0 784.0 690.0 543.0 1045.0 
623.0 248.0 332.0 402.0 581.0 129.0 522.0 361.0 547.0 522.0 0.0 355.0 263.0 443.0 324.0 234.0 526.0 430.0 503.0 502.0 190.0 130.0 462.0 529.0 429.0 646.0 116.0 490.0 398.0 514.0 409.0 331.0 240.0 122.0 500.0 299.0 64.0 82.0 557.0 246.0 430.0 570.0 296.0 578.0 570.0 169.0 418.0 255.0 440.0 395.0 423.0 427.0 131.0 408.0 627.0 192.0 453.0 549.0 223.0 563.0 528.0 390.0 527.0 216.0 553.0 387.0 527.0 461.0 495.0 494.0 395.0 371.0 485.0 297.0 133.0 309.0 532.0 308.0 421.0 373.0 686.0 554.0 524.0 498.0 349.0 314.0 545.0 397.0 50.0 338.0 663.0 390.0 575.0 543.0 662.0 124.0 468.0 446.0 360.0 443.0 500.0 413.0 248.0 332.0 161.0 628.0 567.0 457.0 370.0 224.0 363.0 369.0 481.0 359.0 349.0 240.0 301.0 350.0 413.0 341.0 639.0 342.0 232.0 284.0 568.0 
977.0 242.0 539.0 477.0 936.0 247.0 762.0 701.0 793.0 838.0 355.0 0.0 617.0 733.0 191.0 587.0 745.0 86.0 226.0 464.0 166.0 270.0 698.0 717.0 473.0 708.0 271.0 602.0 285.0 820.0 603.0 460.0 172.0 476.0 849.0 233.0 296.0 392.0 844.0 272.0 780.0 728.0 454.0 729.0 718.0 380.0 651.0 510.0 415.0 457.0 533.0 769.0 374.0 118.0 736.0 218.0 690.0 903.0 535.0 625.0 513.0 500.0 604.0 339.0 716.0 134.0 730.0 575.0 223.0 842.0 729.0 599.0 141.0 591.0 311.0 302.0 660.0 661.0 574.0 689.0 1028.0 818.0 755.0 210.0 236.0 309.0 192.0 101.0 356.0 473.0 1011.0 458.0 739.0 895.0 1000.0 467.0 557.0 790.0 491.0 464.0 628.0 68.0 488.0 257.0 514.0 698.0 765.0 215.0 627.0 419.0 337.0 721.0 743.0 520.0 457.0 591.0 655.0 168.0 118.0 548.0 817.0 99.0 150.0 356.0 214.0 
361.0 476.0 371.0 523.0 319.0 382.0 455.0 157.0 464.0 343.0 263.0 617.0 0.0 326.0 563.0 43.0 480.0 692.0 751.0 665.0 452.0 372.0 416.0 517.0 564.0 721.0 362.0 556.0 614.0 349.0 431.0 445.0 491.0 143.0 248.0 528.0 323.0 245.0 420.0 460.0 183.0 580.0 404.0 594.0 586.0 325.0 391.0 287.0 611.0 530.0 511.0 206.0 297.0 665.0 670.0 437.0 410.0 288.0 192.0 653.0 674.0 493.0 615.0 397.0 563.0 641.0 503.0 537.0 742.0 249.0 196.0 367.0 746.0 240.0 350.0 509.0 578.0 57.0 478.0 228.0 445.0 446.0 464.0 748.0 579.0 511.0 808.0 656.0 270.0 441.0 414.0 520.0 574.0 285.0 430.0 164.0 562.0 213.0 455.0 589.0 551.0 675.0 302.0 552.0 107.0 700.0 535.0 701.0 331.0 344.0 553.0 118.0 395.0 433.0 470.0 56.0 39.0 596.0 671.0 376.0 612.0 599.0 489.0 459.0 831.0 
433.0 509.0 683.0 813.0 416.0 565.0 140.0 186.0 786.0 127.0 443.0 733.0 326.0 0.0 760.0 359.0 805.0 783.0 926.0 548.0 584.0 468.0 130.0 841.0 434.0 486.0 470.0 867.0 840.0 651.0 219.0 338.0 566.0 357.0 465.0 547.0 471.0 368.0 115.0 687.0 433.0 305.0 316.0 321.0 908.0 353.0 142.0 594.0 516.0 412.0 814.0 194.0 548.0 820.0 410.0 630.0 129.0 376.0 220.0 446.0 531.0 350.0 413.0 648.0 292.0 694.0 212.0 345.0 919.0 266.0 499.0 688.0 874.0 148.0 424.0 749.0 339.0 286.0 285.0 548.0 364.0 764.0 789.0 917.0 585.0 754.0 917.0 726.0 409.0 735.0 379.0 805.0 899.0 340.0 320.0 427.0 382.0 220.0 753.0 465.0 866.0 770.0 604.0 774.0 377.0 464.0 860.0 720.0 120.0 624.0 802.0 270.0 78.0 284.0 360.0 285.0 314.0 635.0 734.0 689.0 938.0 672.0 584.0 421.0 935.0 
918.0 354.0 381.0 290.0 874.0 197.0 821.0 682.0 633.0 846.0 324.0 191.0 563.0 760.0 0.0 525.0 577.0 266.0 190.0 621.0 200.0 312.0 758.0 541.0 604.0 845.0 303.0 416.0 105.0 690.0 681.0 557.0 281.0 437.0 764.0 370.0 290.0 393.0 875.0 117.0 697.0 827.0 538.0 831.0 534.0 429.0 712.0 376.0 565.0 580.0 350.0 747.0 273.0 135.0 855.0 133.0 749.0 848.0 543.0 758.0 666.0 608.0 731.0 195.0 812.0 319.0 809.0 686.0 181.0 808.0 627.0 443.0 234.0 613.0 356.0 118.0 769.0 616.0 669.0 572.0 1002.0 664.0 591.0 192.0 393.0 124.0 308.0 291.0 352.0 300.0 975.0 271.0 558.0 848.0 982.0 400.0 677.0 763.0 315.0 602.0 443.0 250.0 352.0 66.0 457.0 831.0 590.0 404.0 673.0 278.0 146.0 678.0 789.0 608.0 562.0 554.0 602.0 337.0 308.0 389.0 637.0 274.0 246.0 463.0 333.0 
396.0 458.0 331.0 481.0 353.0 347.0 484.0 197.0 439.0 383.0 234.0 587.0 43.0 359.0 525.0 0.0 450.0 663.0 713.0 662.0 422.0 349.0 441.0 483.0 564.0 734.0 339.0 516.0 573.0 338.0 446.0 446.0 467.0 119.0 268.0 510.0 295.0 227.0 457.0 420.0 200.0 600.0 406.0 613.0 550.0 315.0 413.0 246.0 606.0 530.0 471.0 248.0 257.0 629.0 686.0 400.0 434.0 324.0 202.0 662.0 674.0 498.0 624.0 356.0 583.0 617.0 527.0 547.0 704.0 290.0 190.0 330.0 712.0 260.0 331.0 468.0 593.0 99.0 489.0 208.0 486.0 425.0 436.0 711.0 561.0 470.0 776.0 629.0 247.0 399.0 454.0 478.0 540.0 324.0 472.0 126.0 569.0 255.0 414.0 588.0 512.0 646.0 261.0 512.0 73.0 712.0 504.0 681.0 353.0 302.0 511.0 160.0 426.0 441.0 471.0 76.0 79.0 575.0 645.0 336.0 582.0 574.0 463.0 451.0 799.0 
651.0 760.0 210.0 313.0 612.0 535.0 933.0 629.0 74.0 806.0 526.0 745.0 480.0 805.0 577.0 450.0 0.0 829.0 733.0 1027.0 634.0 645.0 890.0 69.0 952.0 1156.0 629.0 220.0 541.0 243.0 883.0 846.0 724.0 503.0 463.0 806.0 572.0 585.0 895.0 474.0 435.0 1043.0 807.0 1055.0 149.0 687.0 859.0 271.0 964.0 918.0 251.0 658.0 412.0 711.0 1121.0 534.0 883.0 613.0 640.0 1076.0 1053.0 904.0 1039.0 408.0 1025.0 842.0 975.0 967.0 723.0 656.0 334.0 157.0 810.0 707.0 658.0 461.0 1025.0 523.0 916.0 265.0 818.0 125.0 28.0 744.0 852.0 455.0 885.0 832.0 572.0 278.0 767.0 328.0 119.0 641.0 827.0 434.0 981.0 651.0 265.0 968.0 191.0 811.0 282.0 519.0 457.0 1136.0 57.0 927.0 800.0 335.0 455.0 558.0 874.0 859.0 867.0 525.0 494.0 829.0 850.0 200.0 134.0 791.0 700.0 810.0 909.0 
1050.0 277.0 624.0 555.0 1009.0 330.0 799.0 767.0 878.0 893.0 430.0 86.0 692.0 783.0 266.0 663.0 829.0 0.0 245.0 449.0 242.0 332.0 736.0 800.0 479.0 705.0 337.0 681.0 351.0 905.0 634.0 487.0 219.0 550.0 928.0 251.0 369.0 459.0 891.0 355.0 858.0 747.0 488.0 746.0 798.0 432.0 690.0 595.0 409.0 468.0 613.0 834.0 458.0 159.0 742.0 303.0 728.0 976.0 596.0 625.0 501.0 519.0 608.0 424.0 735.0 111.0 759.0 590.0 245.0 910.0 811.0 684.0 120.0 646.0 369.0 381.0 674.0 734.0 598.0 772.0 1093.0 903.0 839.0 225.0 236.0 388.0 137.0 68.0 426.0 556.0 1078.0 536.0 820.0 966.0 1062.0 547.0 567.0 857.0 573.0 465.0 708.0 19.0 573.0 332.0 591.0 697.0 848.0 166.0 672.0 504.0 411.0 792.0 786.0 550.0 480.0 663.0 729.0 167.0 72.0 633.0 899.0 112.0 208.0 383.0 153.0 
1108.0 462.0 553.0 424.0 1063.0 375.0 971.0 863.0 795.0 1019.0 503.0 226.0 751.0 926.0 190.0 713.0 733.0 245.0 0.0 685.0 342.0 460.0 907.0 687.0 699.0 933.0 456.0 543.0 193.0 870.0 818.0 679.0 388.0 621.0 954.0 458.0 459.0 563.0 1039.0 304.0 887.0 950.0 669.0 952.0 663.0 579.0 860.0 560.0 639.0 681.0 488.0 929.0 462.0 112.0 961.0 315.0 898.0 1036.0 714.0 850.0 736.0 723.0 829.0 381.0 937.0 346.0 946.0 799.0 10.0 993.0 815.0 614.0 136.0 779.0 505.0 283.0 884.0 802.0 794.0 758.0 1187.0 832.0 750.0 21.0 460.0 287.0 191.0 304.0 523.0 460.0 1162.0 407.0 692.0 1035.0 1164.0 588.0 781.0 947.0 470.0 689.0 573.0 240.0 535.0 225.0 644.0 923.0 736.0 410.0 829.0 462.0 279.0 865.0 946.0 738.0 679.0 738.0 790.0 391.0 314.0 560.0 770.0 323.0 358.0 577.0 210.0 
948.0 282.0 827.0 851.0 919.0 517.0 487.0 641.0 1047.0 674.0 502.0 464.0 665.0 548.0 621.0 662.0 1027.0 449.0 685.0 0.0 440.0 385.0 441.0 1026.0 114.0 261.0 401.0 962.0 725.0 993.0 332.0 228.0 345.0 556.0 905.0 252.0 457.0 453.0 620.0 638.0 845.0 360.0 266.0 353.0 1058.0 352.0 410.0 756.0 63.0 142.0 891.0 693.0 619.0 581.0 317.0 552.0 437.0 879.0 482.0 192.0 52.0 199.0 191.0 662.0 356.0 341.0 414.0 219.0 684.0 778.0 852.0 871.0 569.0 474.0 369.0 696.0 280.0 674.0 268.0 853.0 911.0 1051.0 1025.0 667.0 231.0 703.0 569.0 384.0 457.0 810.0 921.0 834.0 1067.0 852.0 868.0 608.0 181.0 722.0 832.0 84.0 979.0 449.0 746.0 676.0 611.0 257.0 1066.0 298.0 433.0 708.0 747.0 709.0 508.0 267.0 202.0 613.0 688.0 296.0 378.0 837.0 1136.0 365.0 379.0 219.0 575.0 
812.0 161.0 425.0 415.0 770.0 100.0 631.0 538.0 672.0 682.0 190.0 166.0 452.0 584.0 200.0 422.0 634.0 242.0 342.0 440.0 0.0 119.0 567.0 618.0 409.0 649.0 115.0 531.0 301.0 676.0 484.0 357.0 98.0 311.0 687.0 190.0 131.0 230.0 698.0 199.0 617.0 628.0 339.0 632.0 636.0 238.0 520.0 376.0 380.0 383.0 460.0 605.0 232.0 236.0 656.0 114.0 558.0 738.0 377.0 562.0 481.0 408.0 533.0 234.0 613.0 215.0 612.0 486.0 336.0 677.0 573.0 479.0 300.0 439.0 163.0 257.0 569.0 496.0 469.0 539.0 865.0 690.0 639.0 333.0 227.0 264.0 357.0 215.0 192.0 383.0 847.0 397.0 651.0 730.0 838.0 306.0 478.0 627.0 404.0 410.0 551.0 224.0 358.0 243.0 350.0 634.0 663.0 295.0 487.0 299.0 309.0 556.0 604.0 409.0 363.0 426.0 490.0 196.0 232.0 435.0 725.0 165.0 68.0 264.0 380.0 
723.0 119.0 443.0 478.0 684.0 144.0 513.0 435.0 672.0 569.0 130.0 270.0 372.0 468.0 312.0 349.0 645.0 332.0 460.0 385.0 119.0 0.0 450.0 642.0 328.0 561.0 17.0 582.0 407.0 643.0 370.0 254.0 120.0 231.0 617.0 169.0 74.0 130.0 581.0 279.0 549.0 519.0 230.0 525.0 674.0 120.0 403.0 375.0 322.0 297.0 511.0 502.0 235.0 353.0 557.0 197.0 441.0 649.0 266.0 474.0 417.0 309.0 442.0 285.0 504.0 269.0 498.0 387.0 454.0 579.0 521.0 489.0 410.0 323.0 45.0 343.0 467.0 408.0 361.0 502.0 761.0 681.0 646.0 451.0 220.0 350.0 460.0 287.0 103.0 428.0 747.0 462.0 683.0 636.0 732.0 253.0 384.0 525.0 450.0 336.0 597.0 317.0 364.0 344.0 280.0 544.0 683.0 332.0 369.0 324.0 399.0 464.0 486.0 300.0 264.0 336.0 407.0 226.0 301.0 453.0 752.0 231.0 124.0 177.0 480.0 
562.0 461.0 745.0 856.0 545.0 570.0 64.0 299.0 879.0 246.0 462.0 698.0 416.0 130.0 758.0 441.0 890.0 736.0 907.0 441.0 567.0 450.0 0.0 919.0 331.0 357.0 457.0 925.0 848.0 757.0 112.0 258.0 527.0 406.0 586.0 488.0 473.0 381.0 180.0 703.0 548.0 177.0 249.0 193.0 980.0 331.0 48.0 656.0 419.0 316.0 866.0 320.0 583.0 797.0 281.0 634.0 9.0 505.0 259.0 320.0 417.0 251.0 289.0 676.0 163.0 638.0 89.0 227.0 901.0 395.0 603.0 760.0 838.0 185.0 405.0 767.0 210.0 388.0 174.0 643.0 484.0 862.0 877.0 896.0 518.0 773.0 872.0 674.0 419.0 783.0 504.0 846.0 974.0 469.0 438.0 480.0 265.0 347.0 803.0 362.0 928.0 726.0 662.0 783.0 440.0 335.0 943.0 650.0 95.0 669.0 822.0 385.0 69.0 195.0 273.0 366.0 414.0 577.0 680.0 753.0 1021.0 625.0 552.0 356.0 888.0 
712.0 753.0 199.0 264.0 672.0 522.0 965.0 669.0 142.0 851.0 529.0 717.0 517.0 841.0 541.0 483.0 69.0 800.0 687.0 1026.0 618.0 642.0 919.0 0.0 957.0 1169.0 626.0 158.0 495.0 309.0 904.0 856.0 712.0 522.0 523.0 797.0 569.0 595.0 935.0 446.0 490.0 1065.0 819.0 1077.0 82.0 695.0 886.0 277.0 964.0 924.0 200.0 703.0 407.0 674.0 1139.0 513.0 911.0 671.0 665.0 1088.0 1056.0 915.0 1051.0 386.0 1048.0 822.0 1002.0 981.0 678.0 707.0 387.0 163.0 773.0 734.0 659.0 424.0 1043.0 563.0 932.0 314.0 875.0 193.0 96.0 699.0 841.0 418.0 847.0 808.0 578.0 245.0 825.0 281.0 59.0 697.0 882.0 450.0 992.0 699.0 228.0 972.0 127.0 782.0 282.0 481.0 481.0 1150.0 50.0 907.0 827.0 322.0 411.0 603.0 908.0 874.0 876.0 558.0 535.0 813.0 826.0 190.0 110.0 771.0 685.0 812.0 871.0 
836.0 250.0 760.0 805.0 808.0 469.0 381.0 530.0 966.0 561.0 429.0 473.0 564.0 434.0 604.0 564.0 952.0 479.0 699.0 114.0 409.0 328.0 331.0 957.0 0.0 241.0 344.0 908.0 707.0 899.0 221.0 120.0 324.0 464.0 798.0 242.0 394.0 368.0 510.0 600.0 741.0 277.0 160.0 273.0 996.0 266.0 298.0 682.0 91.0 35.0 838.0 580.0 554.0 589.0 264.0 515.0 326.0 767.0 376.0 154.0 111.0 85.0 131.0 612.0 268.0 370.0 314.0 121.0 696.0 666.0 754.0 798.0 596.0 362.0 301.0 662.0 198.0 568.0 158.0 762.0 797.0 967.0 948.0 683.0 244.0 670.0 610.0 412.0 380.0 755.0 807.0 789.0 1002.0 739.0 754.0 523.0 90.0 609.0 776.0 31.0 922.0 475.0 676.0 652.0 519.0 228.0 994.0 351.0 319.0 646.0 716.0 600.0 397.0 153.0 94.0 510.0 584.0 314.0 411.0 769.0 1067.0 379.0 359.0 151.0 620.0 
918.0 491.0 976.0 1037.0 900.0 704.0 370.0 640.0 1161.0 598.0 646.0 708.0 721.0 486.0 845.0 734.0 1156.0 705.0 933.0 261.0 649.0 561.0 357.0 1169.0 241.0 0.0 576.0 1134.0 948.0 1069.0 294.0 316.0 565.0 654.0 928.0 480.0 622.0 576.0 511.0 837.0 881.0 193.0 352.0 177.0 1215.0 478.0 354.0 893.0 296.0 267.0 1066.0 672.0 777.0 825.0 92.0 753.0 358.0 859.0 532.0 88.0 209.0 257.0 120.0 843.0 201.0 595.0 284.0 190.0 931.0 750.0 917.0 1008.0 823.0 487.0 529.0 900.0 149.0 709.0 245.0 940.0 831.0 1154.0 1149.0 917.0 474.0 907.0 828.0 638.0 597.0 981.0 856.0 1022.0 1218.0 825.0 784.0 722.0 179.0 700.0 1003.0 246.0 1146.0 703.0 890.0 892.0 704.0 23.0 1203.0 558.0 406.0 869.0 955.0 723.0 419.0 298.0 299.0 667.0 731.0 544.0 634.0 985.0 1278.0 611.0 599.0 387.0 835.0 
716.0 134.0 427.0 462.0 676.0 129.0 520.0 431.0 655.0 569.0 116.0 271.0 362.0 470.0 303.0 339.0 629.0 337.0 456.0 401.0 115.0 17.0 457.0 626.0 344.0 576.0 0.0 566.0 396.0 629.0 380.0 267.0 129.0 220.0 606.0 184.0 58.0 123.0 584.0 265.0 538.0 531.0 242.0 537.0 658.0 127.0 410.0 359.0 339.0 313.0 495.0 498.0 219.0 350.0 571.0 185.0 448.0 641.0 265.0 489.0 434.0 323.0 457.0 269.0 515.0 279.0 507.0 400.0 450.0 573.0 508.0 472.0 410.0 325.0 54.0 330.0 480.0 400.0 373.0 488.0 758.0 665.0 629.0 447.0 235.0 337.0 462.0 295.0 93.0 412.0 742.0 447.0 666.0 630.0 729.0 239.0 399.0 521.0 434.0 353.0 581.0 321.0 347.0 333.0 269.0 559.0 666.0 344.0 374.0 307.0 386.0 457.0 491.0 311.0 279.0 328.0 398.0 237.0 309.0 436.0 735.0 238.0 130.0 193.0 483.0 
813.0 682.0 186.0 127.0 770.0 446.0 978.0 712.0 292.0 898.0 490.0 602.0 556.0 867.0 416.0 516.0 220.0 681.0 543.0 962.0 531.0 582.0 925.0 158.0 908.0 1134.0 566.0 0.0 354.0 437.0 892.0 819.0 629.0 520.0 624.0 719.0 514.0 566.0 971.0 340.0 578.0 1054.0 785.0 1064.0 121.0 658.0 887.0 274.0 900.0 876.0 72.0 757.0 359.0 543.0 1116.0 419.0 917.0 761.0 667.0 1049.0 998.0 878.0 1015.0 301.0 1037.0 719.0 1001.0 950.0 534.0 778.0 475.0 200.0 639.0 742.0 608.0 301.0 1021.0 609.0 909.0 398.0 960.0 341.0 245.0 557.0 758.0 294.0 712.0 699.0 540.0 154.0 915.0 146.0 149.0 781.0 960.0 446.0 956.0 759.0 132.0 918.0 32.0 665.0 265.0 352.0 491.0 1116.0 203.0 805.0 831.0 266.0 275.0 660.0 926.0 848.0 836.0 586.0 582.0 720.0 717.0 181.0 228.0 669.0 598.0 758.0 735.0 
958.0 457.0 366.0 232.0 913.0 278.0 910.0 745.0 604.0 917.0 398.0 285.0 614.0 840.0 105.0 573.0 541.0 351.0 193.0 725.0 301.0 407.0 848.0 495.0 707.0 948.0 396.0 354.0 0.0 687.0 775.0 656.0 385.0 501.0 792.0 475.0 375.0 473.0 955.0 156.0 728.0 925.0 635.0 930.0 474.0 521.0 802.0 385.0 669.0 683.0 296.0 808.0 317.0 197.0 957.0 215.0 839.0 890.0 620.0 861.0 771.0 709.0 833.0 219.0 910.0 417.0 902.0 787.0 183.0 862.0 647.0 426.0 289.0 694.0 450.0 107.0 869.0 669.0 767.0 584.0 1057.0 641.0 558.0 205.0 497.0 107.0 360.0 386.0 433.0 270.0 1026.0 215.0 502.0 895.0 1041.0 451.0 779.0 821.0 278.0 706.0 384.0 337.0 361.0 66.0 510.0 934.0 544.0 499.0 760.0 290.0 87.0 731.0 874.0 706.0 663.0 612.0 652.0 439.0 402.0 372.0 581.0 375.0 350.0 565.0 383.0 
416.0 761.0 323.0 490.0 380.0 579.0 788.0 465.0 182.0 621.0 514.0 820.0 349.0 651.0 690.0 338.0 243.0 905.0 870.0 993.0 676.0 643.0 757.0 309.0 899.0 1069.0 629.0 437.0 687.0 0.0 779.0 782.0 749.0 438.0 234.0 812.0 574.0 543.0 721.0 574.0 228.0 926.0 742.0 940.0 390.0 642.0 737.0 315.0 934.0 865.0 440.0 475.0 448.0 820.0 1018.0 604.0 751.0 387.0 538.0 999.0 1008.0 835.0 961.0 497.0 910.0 889.0 845.0 884.0 860.0 451.0 155.0 267.0 917.0 587.0 639.0 588.0 926.0 370.0 825.0 142.0 592.0 137.0 215.0 876.0 863.0 585.0 990.0 890.0 548.0 424.0 537.0 499.0 361.0 420.0 606.0 393.0 906.0 460.0 422.0 921.0 414.0 887.0 339.0 646.0 383.0 1048.0 294.0 965.0 677.0 413.0 603.0 382.0 726.0 778.0 807.0 403.0 344.0 860.0 907.0 318.0 357.0 840.0 733.0 776.0 1014.0 
640.0 362.0 719.0 810.0 617.0 502.0 169.0 349.0 881.0 344.0 409.0 603.0 431.0 219.0 681.0 446.0 883.0 634.0 818.0 332.0 484.0 370.0 112.0 904.0 221.0 294.0 380.0 892.0 775.0 779.0 0.0 150.0 432.0 382.0 635.0 384.0 407.0 329.0 290.0 638.0 587.0 163.0 149.0 173.0 958.0 255.0 78.0 632.0 307.0 204.0 828.0 387.0 537.0 707.0 240.0 563.0 107.0 576.0 246.0 237.0 313.0 139.0 201.0 623.0 146.0 533.0 129.0 128.0 812.0 469.0 626.0 742.0 740.0 193.0 326.0 704.0 148.0 416.0 67.0 653.0 582.0 871.0 873.0 805.0 411.0 710.0 770.0 571.0 361.0 744.0 596.0 798.0 957.0 544.0 538.0 455.0 164.0 415.0 764.0 251.0 898.0 625.0 633.0 712.0 427.0 272.0 933.0 540.0 115.0 628.0 759.0 430.0 177.0 86.0 163.0 376.0 438.0 472.0 575.0 727.0 1010.0 523.0 460.0 252.0 785.0 
722.0 219.0 661.0 724.0 692.0 396.0 317.0 414.0 856.0 463.0 331.0 460.0 445.0 338.0 557.0 446.0 846.0 487.0 679.0 228.0 357.0 254.0 258.0 856.0 120.0 316.0 267.0 819.0 656.0 782.0 150.0 0.0 292.0 351.0 679.0 236.0 309.0 262.0 429.0 531.0 621.0 273.0 41.0 276.0 900.0 163.0 215.0 580.0 184.0 88.0 751.0 468.0 461.0 568.0 305.0 450.0 251.0 652.0 257.0 232.0 230.0 59.0 197.0 531.0 258.0 384.0 272.0 134.0 675.0 553.0 636.0 695.0 595.0 247.0 217.0 596.0 214.0 449.0 115.0 646.0 695.0 854.0 840.0 666.0 262.0 603.0 623.0 422.0 281.0 666.0 700.0 709.0 903.0 625.0 654.0 413.0 137.0 496.0 688.0 147.0 830.0 478.0 575.0 595.0 404.0 298.0 891.0 392.0 219.0 554.0 652.0 482.0 317.0 64.0 27.0 391.0 464.0 324.0 427.0 670.0 965.0 377.0 323.0 105.0 637.0 
843.0 76.0 516.0 512.0 803.0 190.0 591.0 551.0 759.0 675.0 240.0 172.0 491.0 566.0 281.0 467.0 724.0 219.0 388.0 345.0 98.0 120.0 527.0 712.0 324.0 565.0 129.0 629.0 385.0 749.0 432.0 292.0 0.0 349.0 735.0 93.0 177.0 249.0 675.0 295.0 666.0 564.0 284.0 566.0 732.0 214.0 480.0 461.0 286.0 302.0 557.0 618.0 315.0 276.0 580.0 211.0 519.0 768.0 378.0 478.0 388.0 337.0 453.0 331.0 550.0 150.0 560.0 414.0 383.0 696.0 634.0 569.0 311.0 427.0 152.0 352.0 499.0 527.0 406.0 609.0 876.0 774.0 728.0 374.0 130.0 359.0 352.0 169.0 221.0 480.0 863.0 494.0 746.0 755.0 844.0 364.0 400.0 642.0 501.0 322.0 648.0 206.0 445.0 332.0 397.0 552.0 756.0 218.0 458.0 391.0 403.0 583.0 573.0 351.0 293.0 455.0 526.0 112.0 182.0 526.0 819.0 112.0 35.0 191.0 371.0 
502.0 340.0 340.0 457.0 460.0 247.0 459.0 246.0 508.0 419.0 122.0 476.0 143.0 357.0 437.0 119.0 503.0 550.0 621.0 556.0 311.0 231.0 406.0 522.0 464.0 654.0 220.0 520.0 501.0 438.0 382.0 351.0 349.0 0.0 387.0 392.0 181.0 110.0 469.0 345.0 318.0 544.0 311.0 555.0 578.0 204.0 369.0 252.0 497.0 430.0 462.0 310.0 193.0 529.0 618.0 306.0 398.0 428.0 148.0 577.0 572.0 406.0 539.0 295.0 527.0 499.0 484.0 465.0 612.0 373.0 300.0 360.0 607.0 224.0 213.0 402.0 522.0 186.0 413.0 298.0 567.0 504.0 495.0 617.0 443.0 406.0 667.0 513.0 128.0 380.0 543.0 449.0 575.0 421.0 545.0 75.0 481.0 327.0 399.0 485.0 523.0 533.0 256.0 436.0 56.0 634.0 552.0 562.0 312.0 268.0 452.0 247.0 409.0 357.0 374.0 118.0 180.0 456.0 528.0 348.0 629.0 457.0 347.0 340.0 690.0 
191.0 724.0 465.0 641.0 150.0 605.0 604.0 289.0 411.0 409.0 500.0 849.0 248.0 465.0 764.0 268.0 463.0 928.0 954.0 905.0 687.0 617.0 586.0 523.0 798.0 928.0 606.0 624.0 792.0 234.0 635.0 679.0 735.0 387.0 0.0 775.0 562.0 492.0 514.0 651.0 70.0 763.0 640.0 778.0 604.0 572.0 577.0 412.0 853.0 766.0 606.0 273.0 493.0 881.0 863.0 650.0 582.0 154.0 423.0 869.0 909.0 722.0 832.0 577.0 748.0 884.0 674.0 755.0 945.0 228.0 152.0 427.0 969.0 446.0 597.0 686.0 779.0 231.0 692.0 228.0 359.0 370.0 438.0 955.0 826.0 686.0 1035.0 896.0 514.0 561.0 305.0 645.0 580.0 187.0 373.0 382.0 784.0 252.0 568.0 825.0 607.0 910.0 436.0 738.0 339.0 906.0 518.0 948.0 522.0 503.0 717.0 206.0 542.0 657.0 705.0 295.0 219.0 842.0 912.0 464.0 586.0 841.0 730.0 704.0 1059.0 
866.0 53.0 600.0 604.0 829.0 276.0 550.0 563.0 836.0 664.0 299.0 233.0 528.0 547.0 370.0 510.0 806.0 251.0 458.0 252.0 190.0 169.0 488.0 797.0 242.0 480.0 184.0 719.0 475.0 812.0 384.0 236.0 93.0 392.0 775.0 0.0 241.0 284.0 650.0 388.0 709.0 499.0 240.0 499.0 821.0 215.0 443.0 538.0 195.0 225.0 648.0 627.0 394.0 348.0 504.0 303.0 481.0 791.0 386.0 395.0 296.0 270.0 372.0 420.0 486.0 150.0 508.0 343.0 454.0 709.0 688.0 649.0 362.0 420.0 180.0 445.0 428.0 556.0 347.0 671.0 879.0 848.0 808.0 442.0 52.0 452.0 387.0 187.0 268.0 569.0 873.0 587.0 833.0 774.0 844.0 421.0 325.0 654.0 591.0 235.0 738.0 243.0 524.0 424.0 444.0 469.0 840.0 180.0 431.0 475.0 495.0 607.0 541.0 299.0 229.0 485.0 560.0 90.0 192.0 609.0 905.0 142.0 128.0 133.0 401.0 
682.0 191.0 370.0 416.0 641.0 97.0 536.0 410.0 598.0 561.0 64.0 296.0 323.0 471.0 290.0 295.0 572.0 369.0 459.0 457.0 131.0 74.0 473.0 569.0 394.0 622.0 58.0 514.0 375.0 574.0 407.0 309.0 177.0 181.0 562.0 241.0 0.0 105.0 586.0 232.0 493.0 564.0 279.0 571.0 603.0 154.0 428.0 301.0 395.0 362.0 445.0 477.0 163.0 359.0 611.0 161.0 464.0 608.0 256.0 536.0 488.0 367.0 503.0 223.0 548.0 324.0 531.0 442.0 451.0 547.0 457.0 415.0 430.0 324.0 94.0 297.0 518.0 365.0 409.0 434.0 736.0 608.0 572.0 452.0 291.0 303.0 488.0 335.0 65.0 361.0 717.0 401.0 611.0 599.0 710.0 187.0 444.0 497.0 383.0 405.0 528.0 353.0 290.0 310.0 223.0 605.0 609.0 394.0 386.0 253.0 353.0 425.0 501.0 346.0 323.0 295.0 361.0 288.0 350.0 380.0 679.0 279.0 169.0 245.0 510.0 
594.0 232.0 401.0 482.0 555.0 197.0 441.0 310.0 598.0 457.0 82.0 392.0 245.0 368.0 393.0 227.0 585.0 459.0 563.0 453.0 230.0 130.0 381.0 595.0 368.0 576.0 123.0 566.0 473.0 543.0 329.0 262.0 249.0 110.0 492.0 284.0 105.0 0.0 483.0 324.0 425.0 490.0 225.0 499.0 640.0 103.0 337.0 318.0 393.0 334.0 501.0 377.0 209.0 462.0 551.0 262.0 372.0 519.0 152.0 494.0 473.0 320.0 457.0 297.0 473.0 398.0 446.0 388.0 556.0 451.0 409.0 433.0 529.0 221.0 105.0 388.0 455.0 279.0 344.0 402.0 637.0 600.0 580.0 556.0 335.0 393.0 584.0 416.0 41.0 416.0 620.0 470.0 643.0 507.0 609.0 156.0 398.0 399.0 437.0 386.0 575.0 444.0 315.0 407.0 164.0 556.0 629.0 457.0 290.0 301.0 442.0 335.0 402.0 283.0 283.0 207.0 279.0 352.0 430.0 410.0 704.0 360.0 252.0 235.0 605.0 
437.0 616.0 786.0 923.0 432.0 680.0 143.0 267.0 869.0 108.0 557.0 844.0 420.0 115.0 875.0 457.0 895.0 891.0 1039.0 620.0 698.0 581.0 180.0 935.0 510.0 511.0 584.0 971.0 955.0 721.0 290.0 429.0 675.0 469.0 514.0 650.0 586.0 483.0 0.0 802.0 495.0 320.0 413.0 335.0 1005.0 465.0 216.0 698.0 597.0 494.0 921.0 247.0 660.0 933.0 425.0 745.0 185.0 397.0 335.0 490.0 596.0 429.0 463.0 761.0 311.0 798.0 229.0 405.0 1033.0 292.0 575.0 786.0 985.0 263.0 537.0 864.0 376.0 373.0 353.0 632.0 322.0 842.0 877.0 1030.0 685.0 868.0 1026.0 832.0 524.0 843.0 353.0 916.0 993.0 357.0 274.0 536.0 444.0 264.0 861.0 541.0 968.0 879.0 710.0 889.0 483.0 491.0 951.0 819.0 219.0 734.0 916.0 342.0 114.0 369.0 447.0 386.0 402.0 739.0 840.0 791.0 1028.0 780.0 695.0 521.0 1044.0 
810.0 357.0 271.0 218.0 765.0 137.0 764.0 589.0 525.0 762.0 246.0 272.0 460.0 687.0 117.0 420.0 474.0 355.0 304.0 638.0 199.0 279.0 703.0 446.0 600.0 837.0 265.0 340.0 156.0 574.0 638.0 531.0 295.0 345.0 651.0 388.0 232.0 324.0 802.0 0.0 585.0 794.0 506.0 800.0 451.0 384.0 657.0 260.0 577.0 571.0 268.0 652.0 164.0 247.0 835.0 86.0 694.0 740.0 468.0 750.0 678.0 587.0 719.0 78.0 778.0 381.0 762.0 665.0 295.0 708.0 512.0 333.0 345.0 542.0 317.0 66.0 744.0 515.0 637.0 456.0 903.0 554.0 486.0 307.0 423.0 72.0 419.0 363.0 285.0 202.0 873.0 200.0 470.0 743.0 886.0 297.0 662.0 666.0 220.0 604.0 362.0 338.0 236.0 92.0 356.0 821.0 493.0 467.0 613.0 162.0 122.0 577.0 725.0 575.0 542.0 457.0 498.0 381.0 382.0 280.0 547.0 330.0 263.0 451.0 444.0 
239.0 657.0 411.0 585.0 194.0 535.0 572.0 250.0 392.0 395.0 430.0 780.0 183.0 433.0 697.0 200.0 435.0 858.0 887.0 845.0 617.0 549.0 548.0 490.0 741.0 881.0 538.0 578.0 728.0 228.0 587.0 621.0 666.0 318.0 70.0 709.0 493.0 425.0 495.0 585.0 0.0 722.0 582.0 737.0 570.0 507.0 534.0 351.0 792.0 708.0 554.0 249.0 425.0 812.0 820.0 582.0 543.0 184.0 365.0 819.0 851.0 667.0 781.0 511.0 707.0 815.0 636.0 703.0 877.0 225.0 104.0 379.0 900.0 395.0 530.0 621.0 733.0 174.0 641.0 181.0 387.0 357.0 411.0 888.0 759.0 621.0 966.0 827.0 446.0 504.0 338.0 588.0 548.0 207.0 393.0 313.0 731.0 233.0 512.0 767.0 563.0 841.0 375.0 672.0 270.0 859.0 491.0 880.0 477.0 439.0 655.0 164.0 510.0 603.0 647.0 233.0 157.0 774.0 843.0 411.0 563.0 772.0 661.0 641.0 990.0 
735.0 489.0 882.0 972.0 720.0 657.0 180.0 475.0 1038.0 409.0 570.0 728.0 580.0 305.0 827.0 600.0 1043.0 747.0 950.0 360.0 628.0 519.0 177.0 1065.0 277.0 193.0 531.0 1054.0 925.0 926.0 163.0 273.0 564.0 544.0 763.0 499.0 564.0 490.0 320.0 794.0 722.0 0.0 290.0 17.0 1120.0 411.0 190.0 794.0 364.0 280.0 991.0 497.0 699.0 839.0 107.0 715.0 181.0 680.0 403.0 187.0 320.0 229.0 172.0 782.0 18.0 639.0 94.0 158.0 946.0 570.0 772.0 904.0 860.0 341.0 478.0 859.0 81.0 558.0 159.0 806.0 640.0 1024.0 1032.0 936.0 512.0 865.0 880.0 680.0 521.0 906.0 667.0 959.0 1118.0 644.0 592.0 617.0 187.0 524.0 927.0 300.0 1061.0 741.0 796.0 863.0 586.0 173.0 1093.0 627.0 250.0 790.0 915.0 560.0 233.0 220.0 272.0 527.0 583.0 580.0 682.0 890.0 1171.0 640.0 595.0 374.0 892.0 
687.0 214.0 625.0 693.0 657.0 369.0 311.0 378.0 817.0 439.0 296.0 454.0 404.0 316.0 538.0 406.0 807.0 488.0 669.0 266.0 339.0 230.0 249.0 819.0 160.0 352.0 242.0 785.0 635.0 742.0 149.0 41.0 284.0 311.0 640.0 240.0 279.0 225.0 413.0 506.0 582.0 290.0 0.0 296.0 864.0 128.0 204.0 542.0 218.0 127.0 718.0 434.0 427.0 559.0 333.0 426.0 241.0 616.0 217.0 270.0 270.0 97.0 233.0 500.0 275.0 389.0 277.0 165.0 664.0 519.0 595.0 657.0 592.0 214.0 189.0 571.0 240.0 410.0 132.0 606.0 667.0 814.0 802.0 657.0 272.0 577.0 624.0 425.0 246.0 633.0 670.0 679.0 867.0 591.0 628.0 374.0 174.0 463.0 655.0 185.0 796.0 478.0 539.0 573.0 364.0 332.0 853.0 406.0 197.0 520.0 627.0 444.0 303.0 71.0 66.0 351.0 425.0 329.0 431.0 634.0 927.0 376.0 311.0 109.0 640.0 
751.0 491.0 892.0 980.0 736.0 663.0 196.0 490.0 1051.0 425.0 578.0 729.0 594.0 321.0 831.0 613.0 1055.0 746.0 952.0 353.0 632.0 525.0 193.0 1077.0 273.0 177.0 537.0 1064.0 930.0 940.0 173.0 276.0 566.0 555.0 778.0 499.0 571.0 499.0 335.0 800.0 737.0 17.0 296.0 0.0 1131.0 418.0 204.0 805.0 358.0 278.0 1000.0 513.0 708.0 841.0 91.0 721.0 196.0 696.0 415.0 176.0 311.0 230.0 163.0 790.0 31.0 638.0 111.0 156.0 948.0 586.0 786.0 915.0 860.0 354.0 484.0 865.0 75.0 572.0 164.0 819.0 656.0 1038.0 1044.0 937.0 511.0 872.0 879.0 679.0 529.0 915.0 683.0 967.0 1129.0 660.0 608.0 628.0 183.0 539.0 936.0 295.0 1071.0 740.0 806.0 868.0 598.0 158.0 1105.0 623.0 264.0 799.0 921.0 575.0 249.0 226.0 273.0 541.0 597.0 579.0 680.0 900.0 1182.0 640.0 597.0 375.0 890.0 
794.0 780.0 240.0 245.0 753.0 545.0 1028.0 740.0 218.0 924.0 570.0 718.0 586.0 908.0 534.0 550.0 149.0 798.0 663.0 1058.0 636.0 674.0 980.0 82.0 996.0 1215.0 658.0 121.0 474.0 390.0 958.0 900.0 732.0 578.0 604.0 821.0 603.0 640.0 1005.0 451.0 570.0 1120.0 864.0 1131.0 0.0 738.0 945.0 327.0 996.0 963.0 185.0 777.0 442.0 662.0 1190.0 526.0 972.0 751.0 723.0 1132.0 1090.0 959.0 1096.0 402.0 1103.0 831.0 1060.0 1028.0 654.0 785.0 467.0 221.0 759.0 795.0 696.0 418.0 1094.0 634.0 982.0 392.0 956.0 270.0 176.0 677.0 862.0 411.0 832.0 813.0 619.0 253.0 906.0 264.0 36.0 777.0 961.0 504.0 1037.0 774.0 233.0 1008.0 92.0 782.0 327.0 470.0 540.0 1196.0 107.0 917.0 887.0 351.0 394.0 677.0 972.0 923.0 918.0 624.0 606.0 828.0 831.0 232.0 109.0 780.0 703.0 848.0 855.0 
652.0 168.0 499.0 565.0 615.0 248.0 394.0 349.0 701.0 461.0 169.0 380.0 325.0 353.0 429.0 315.0 687.0 432.0 579.0 352.0 238.0 120.0 331.0 695.0 266.0 478.0 127.0 658.0 521.0 642.0 255.0 163.0 214.0 204.0 572.0 215.0 154.0 103.0 465.0 384.0 507.0 411.0 128.0 418.0 738.0 0.0 284.0 419.0 293.0 232.0 590.0 413.0 299.0 471.0 461.0 308.0 322.0 577.0 171.0 395.0 371.0 222.0 359.0 374.0 395.0 352.0 381.0 293.0 573.0 495.0 503.0 534.0 521.0 214.0 75.0 449.0 366.0 346.0 256.0 502.0 667.0 702.0 683.0 568.0 263.0 456.0 565.0 379.0 119.0 505.0 659.0 552.0 742.0 559.0 634.0 258.0 299.0 439.0 527.0 284.0 668.0 419.0 414.0 457.0 260.0 459.0 730.0 395.0 251.0 392.0 505.0 394.0 367.0 194.0 182.0 278.0 354.0 297.0 390.0 508.0 804.0 323.0 231.0 136.0 584.0 
568.0 414.0 708.0 815.0 548.0 525.0 112.0 289.0 851.0 266.0 418.0 651.0 391.0 142.0 712.0 413.0 859.0 690.0 860.0 410.0 520.0 403.0 48.0 886.0 298.0 354.0 410.0 887.0 802.0 737.0 78.0 215.0 480.0 369.0 577.0 443.0 428.0 337.0 216.0 657.0 534.0 190.0 204.0 204.0 945.0 284.0 0.0 620.0 383.0 279.0 827.0 319.0 541.0 750.0 286.0 588.0 39.0 507.0 222.0 307.0 390.0 215.0 273.0 633.0 174.0 592.0 116.0 203.0 854.0 398.0 583.0 725.0 791.0 154.0 358.0 722.0 205.0 368.0 144.0 618.0 505.0 836.0 847.0 848.0 474.0 728.0 826.0 628.0 374.0 743.0 520.0 804.0 940.0 474.0 460.0 443.0 240.0 347.0 763.0 328.0 891.0 680.0 624.0 737.0 406.0 332.0 911.0 606.0 61.0 628.0 777.0 373.0 102.0 154.0 233.0 339.0 393.0 532.0 634.0 716.0 989.0 578.0 505.0 311.0 842.0 
588.0 491.0 90.0 241.0 543.0 277.0 707.0 442.0 298.0 628.0 255.0 510.0 287.0 594.0 376.0 246.0 271.0 595.0 560.0 756.0 376.0 375.0 656.0 277.0 682.0 893.0 359.0 274.0 385.0 315.0 632.0 580.0 461.0 252.0 412.0 538.0 301.0 318.0 698.0 260.0 351.0 794.0 542.0 805.0 327.0 419.0 620.0 0.0 694.0 649.0 226.0 491.0 146.0 506.0 864.0 292.0 648.0 526.0 398.0 811.0 783.0 638.0 775.0 182.0 777.0 590.0 735.0 704.0 550.0 522.0 263.0 116.0 603.0 472.0 387.0 281.0 768.0 342.0 657.0 199.0 713.0 314.0 271.0 565.0 586.0 279.0 675.0 586.0 303.0 158.0 673.0 241.0 326.0 538.0 706.0 178.0 716.0 496.0 170.0 698.0 273.0 576.0 25.0 337.0 219.0 873.0 313.0 671.0 562.0 99.0 307.0 397.0 654.0 598.0 600.0 313.0 317.0 569.0 603.0 97.0 386.0 539.0 440.0 539.0 700.0 
904.0 221.0 765.0 790.0 874.0 455.0 470.0 595.0 986.0 642.0 440.0 415.0 611.0 516.0 565.0 606.0 964.0 409.0 639.0 63.0 380.0 322.0 419.0 964.0 91.0 296.0 339.0 900.0 669.0 934.0 307.0 184.0 286.0 497.0 853.0 195.0 395.0 393.0 597.0 577.0 792.0 364.0 218.0 358.0 996.0 293.0 383.0 694.0 0.0 105.0 829.0 651.0 557.0 532.0 338.0 492.0 413.0 834.0 431.0 217.0 102.0 169.0 205.0 600.0 356.0 299.0 404.0 210.0 637.0 736.0 794.0 808.0 528.0 430.0 307.0 636.0 284.0 623.0 247.0 794.0 877.0 990.0 963.0 622.0 180.0 644.0 534.0 342.0 395.0 748.0 883.0 773.0 1005.0 808.0 835.0 547.0 177.0 679.0 769.0 64.0 917.0 407.0 684.0 618.0 552.0 289.0 1003.0 269.0 399.0 645.0 688.0 660.0 484.0 233.0 159.0 559.0 635.0 248.0 339.0 775.0 1073.0 317.0 321.0 159.0 542.0 
807.0 227.0 726.0 774.0 778.0 440.0 369.0 500.0 932.0 539.0 395.0 457.0 530.0 412.0 580.0 530.0 918.0 468.0 681.0 142.0 383.0 297.0 316.0 924.0 35.0 267.0 313.0 876.0 683.0 865.0 204.0 88.0 302.0 430.0 766.0 225.0 362.0 334.0 494.0 571.0 708.0 280.0 127.0 278.0 963.0 232.0 279.0 649.0 105.0 0.0 807.0 552.0 522.0 571.0 280.0 487.0 310.0 738.0 343.0 179.0 145.0 65.0 151.0 581.0 270.0 360.0 308.0 123.0 678.0 638.0 720.0 764.0 583.0 333.0 269.0 634.0 206.0 536.0 146.0 727.0 774.0 932.0 914.0 666.0 233.0 642.0 601.0 401.0 347.0 723.0 782.0 759.0 969.0 711.0 732.0 489.0 101.0 581.0 745.0 60.0 890.0 463.0 642.0 626.0 484.0 252.0 961.0 349.0 295.0 614.0 689.0 569.0 380.0 129.0 62.0 477.0 551.0 302.0 402.0 736.0 1033.0 364.0 336.0 121.0 612.0 
792.0 610.0 146.0 64.0 748.0 374.0 921.0 667.0 319.0 853.0 423.0 533.0 511.0 814.0 350.0 471.0 251.0 613.0 488.0 891.0 460.0 511.0 866.0 200.0 838.0 1066.0 495.0 72.0 296.0 440.0 828.0 751.0 557.0 462.0 606.0 648.0 445.0 501.0 921.0 268.0 554.0 991.0 718.0 1000.0 185.0 590.0 827.0 226.0 829.0 807.0 0.0 716.0 293.0 479.0 1050.0 347.0 858.0 736.0 609.0 981.0 927.0 810.0 947.0 229.0 974.0 648.0 941.0 883.0 478.0 743.0 455.0 181.0 577.0 685.0 539.0 233.0 955.0 567.0 843.0 379.0 931.0 363.0 272.0 500.0 686.0 226.0 650.0 629.0 473.0 86.0 887.0 82.0 209.0 753.0 927.0 389.0 887.0 719.0 64.0 847.0 95.0 597.0 212.0 286.0 438.0 1048.0 249.0 735.0 772.0 201.0 213.0 620.0 870.0 782.0 767.0 537.0 541.0 648.0 647.0 144.0 288.0 598.0 526.0 688.0 674.0 
256.0 581.0 574.0 729.0 231.0 555.0 333.0 68.0 627.0 150.0 427.0 769.0 206.0 194.0 747.0 248.0 658.0 834.0 929.0 693.0 605.0 502.0 320.0 703.0 580.0 672.0 498.0 757.0 808.0 475.0 387.0 468.0 618.0 310.0 273.0 627.0 477.0 377.0 247.0 652.0 249.0 497.0 434.0 513.0 777.0 413.0 319.0 491.0 651.0 552.0 716.0 0.0 493.0 834.0 600.0 616.0 317.0 190.0 242.0 623.0 686.0 498.0 587.0 595.0 483.0 763.0 406.0 513.0 921.0 86.0 331.0 563.0 905.0 221.0 467.0 706.0 523.0 150.0 450.0 393.0 260.0 598.0 638.0 924.0 674.0 709.0 960.0 786.0 414.0 646.0 246.0 725.0 762.0 159.0 236.0 359.0 547.0 30.0 661.0 610.0 750.0 818.0 508.0 744.0 299.0 650.0 714.0 807.0 272.0 548.0 752.0 101.0 271.0 429.0 493.0 196.0 176.0 709.0 799.0 578.0 790.0 730.0 626.0 523.0 981.0 
647.0 348.0 209.0 274.0 603.0 133.0 640.0 432.0 444.0 610.0 131.0 374.0 297.0 548.0 273.0 257.0 412.0 458.0 462.0 619.0 232.0 235.0 583.0 407.0 554.0 777.0 219.0 359.0 317.0 448.0 537.0 461.0 315.0 193.0 493.0 394.0 163.0 209.0 660.0 164.0 425.0 699.0 427.0 708.0 442.0 299.0 541.0 146.0 557.0 522.0 293.0 493.0 0.0 389.0 758.0 161.0 574.0 577.0 331.0 692.0 650.0 520.0 657.0 103.0 682.0 446.0 653.0 592.0 453.0 545.0 361.0 256.0 481.0 408.0 254.0 214.0 663.0 352.0 551.0 315.0 741.0 460.0 414.0 463.0 441.0 217.0 550.0 444.0 181.0 207.0 710.0 264.0 449.0 579.0 724.0 135.0 598.0 505.0 229.0 567.0 370.0 440.0 131.0 255.0 194.0 758.0 448.0 526.0 489.0 93.0 261.0 414.0 594.0 490.0 478.0 297.0 335.0 424.0 461.0 218.0 517.0 396.0 294.0 407.0 575.0 
1025.0 351.0 515.0 417.0 981.0 283.0 861.0 767.0 767.0 918.0 408.0 118.0 665.0 820.0 135.0 629.0 711.0 159.0 112.0 581.0 236.0 353.0 797.0 674.0 589.0 825.0 350.0 543.0 197.0 820.0 707.0 568.0 276.0 529.0 881.0 348.0 359.0 462.0 933.0 247.0 812.0 839.0 559.0 841.0 662.0 471.0 750.0 506.0 532.0 571.0 479.0 834.0 389.0 0.0 851.0 231.0 789.0 952.0 612.0 741.0 631.0 612.0 720.0 324.0 826.0 246.0 835.0 688.0 108.0 902.0 749.0 577.0 100.0 675.0 398.0 251.0 773.0 714.0 682.0 698.0 1093.0 798.0 725.0 99.0 353.0 257.0 174.0 207.0 423.0 433.0 1071.0 399.0 687.0 948.0 1068.0 505.0 671.0 853.0 448.0 581.0 571.0 148.0 482.0 194.0 558.0 815.0 723.0 320.0 721.0 408.0 269.0 775.0 838.0 627.0 568.0 647.0 703.0 285.0 220.0 523.0 766.0 217.0 248.0 466.0 199.0 
841.0 505.0 950.0 1026.0 825.0 700.0 286.0 574.0 1121.0 515.0 627.0 736.0 670.0 410.0 855.0 686.0 1121.0 742.0 961.0 317.0 656.0 557.0 281.0 1139.0 264.0 92.0 571.0 1116.0 957.0 1018.0 240.0 305.0 580.0 618.0 863.0 504.0 611.0 551.0 425.0 835.0 820.0 107.0 333.0 91.0 1190.0 461.0 286.0 864.0 338.0 280.0 1050.0 600.0 758.0 851.0 0.0 753.0 283.0 785.0 485.0 126.0 269.0 249.0 134.0 833.0 119.0 632.0 201.0 171.0 957.0 675.0 864.0 977.0 859.0 431.0 520.0 900.0 97.0 652.0 208.0 893.0 746.0 1110.0 1111.0 945.0 507.0 907.0 870.0 675.0 577.0 965.0 773.0 1012.0 1190.0 749.0 698.0 689.0 180.0 627.0 986.0 278.0 1125.0 738.0 864.0 898.0 665.0 77.0 1170.0 606.0 343.0 850.0 956.0 659.0 339.0 269.0 295.0 616.0 675.0 577.0 673.0 958.0 1246.0 642.0 614.0 393.0 879.0 
795.0 271.0 326.0 301.0 752.0 65.0 696.0 550.0 578.0 713.0 192.0 218.0 437.0 630.0 133.0 400.0 534.0 303.0 315.0 552.0 114.0 197.0 634.0 513.0 515.0 753.0 185.0 419.0 215.0 604.0 563.0 450.0 211.0 306.0 650.0 303.0 161.0 262.0 745.0 86.0 582.0 715.0 426.0 721.0 526.0 308.0 588.0 292.0 492.0 487.0 347.0 616.0 161.0 231.0 753.0 0.0 625.0 723.0 412.0 666.0 592.0 505.0 635.0 127.0 700.0 310.0 689.0 582.0 307.0 678.0 521.0 384.0 321.0 483.0 238.0 148.0 663.0 488.0 558.0 475.0 873.0 602.0 542.0 312.0 340.0 155.0 390.0 299.0 221.0 273.0 847.0 284.0 542.0 721.0 851.0 275.0 578.0 633.0 294.0 519.0 440.0 285.0 270.0 150.0 330.0 737.0 559.0 395.0 546.0 203.0 203.0 550.0 661.0 496.0 460.0 424.0 476.0 303.0 317.0 335.0 618.0 258.0 180.0 366.0 415.0 
561.0 453.0 737.0 847.0 543.0 561.0 73.0 295.0 872.0 247.0 453.0 690.0 410.0 129.0 749.0 434.0 883.0 728.0 898.0 437.0 558.0 441.0 9.0 911.0 326.0 358.0 448.0 917.0 839.0 751.0 107.0 251.0 519.0 398.0 582.0 481.0 464.0 372.0 185.0 694.0 543.0 181.0 241.0 196.0 972.0 322.0 39.0 648.0 413.0 310.0 858.0 317.0 574.0 789.0 283.0 625.0 0.0 503.0 250.0 319.0 414.0 245.0 288.0 667.0 166.0 630.0 95.0 224.0 892.0 393.0 597.0 752.0 830.0 178.0 396.0 758.0 211.0 382.0 169.0 637.0 486.0 855.0 870.0 887.0 511.0 764.0 864.0 666.0 410.0 775.0 505.0 837.0 966.0 468.0 440.0 472.0 262.0 345.0 795.0 357.0 920.0 718.0 653.0 774.0 432.0 336.0 935.0 642.0 86.0 660.0 813.0 380.0 72.0 188.0 267.0 359.0 408.0 570.0 672.0 744.0 1013.0 616.0 543.0 349.0 880.0 
75.0 742.0 592.0 764.0 42.0 669.0 509.0 239.0 564.0 289.0 549.0 903.0 288.0 376.0 848.0 324.0 613.0 976.0 1036.0 879.0 738.0 649.0 505.0 671.0 767.0 859.0 641.0 761.0 890.0 387.0 576.0 652.0 768.0 428.0 154.0 791.0 608.0 519.0 397.0 740.0 184.0 680.0 616.0 696.0 751.0 577.0 507.0 526.0 834.0 738.0 736.0 190.0 577.0 952.0 785.0 723.0 503.0 0.0 410.0 812.0 874.0 685.0 777.0 672.0 667.0 917.0 587.0 702.0 1027.0 111.0 287.0 562.0 1033.0 405.0 619.0 784.0 711.0 243.0 639.0 364.0 206.0 523.0 588.0 1035.0 840.0 785.0 1094.0 935.0 550.0 682.0 155.0 765.0 729.0 41.0 220.0 449.0 736.0 161.0 691.0 796.0 747.0 959.0 548.0 831.0 394.0 838.0 668.0 970.0 461.0 607.0 822.0 186.0 450.0 616.0 677.0 314.0 249.0 868.0 949.0 593.0 738.0 879.0 770.0 698.0 1117.0 
483.0 339.0 487.0 602.0 449.0 347.0 312.0 178.0 636.0 306.0 223.0 535.0 192.0 220.0 543.0 202.0 640.0 596.0 714.0 482.0 377.0 266.0 259.0 665.0 376.0 532.0 265.0 667.0 620.0 538.0 246.0 257.0 378.0 148.0 423.0 386.0 256.0 152.0 335.0 468.0 365.0 403.0 217.0 415.0 723.0 171.0 222.0 398.0 431.0 343.0 609.0 242.0 331.0 612.0 485.0 412.0 250.0 410.0 0.0 462.0 486.0 302.0 424.0 430.0 386.0 521.0 338.0 346.0 707.0 324.0 387.0 504.0 675.0 77.0 227.0 530.0 391.0 193.0 287.0 409.0 498.0 626.0 629.0 707.0 433.0 534.0 725.0 546.0 192.0 527.0 488.0 593.0 718.0 390.0 466.0 222.0 370.0 268.0 546.0 402.0 670.0 581.0 403.0 555.0 184.0 510.0 691.0 566.0 165.0 413.0 582.0 230.0 264.0 241.0 282.0 137.0 209.0 468.0 558.0 495.0 769.0 490.0 389.0 289.0 746.0 
874.0 404.0 893.0 950.0 853.0 617.0 348.0 585.0 1084.0 565.0 563.0 625.0 653.0 446.0 758.0 662.0 1076.0 625.0 850.0 192.0 562.0 474.0 320.0 1088.0 154.0 88.0 489.0 1049.0 861.0 999.0 237.0 232.0 478.0 577.0 869.0 395.0 536.0 494.0 490.0 750.0 819.0 187.0 270.0 176.0 1132.0 395.0 307.0 811.0 217.0 179.0 981.0 623.0 692.0 741.0 126.0 666.0 319.0 812.0 462.0 0.0 144.0 174.0 39.0 757.0 188.0 515.0 264.0 116.0 847.0 704.0 848.0 926.0 743.0 424.0 443.0 813.0 115.0 646.0 178.0 867.0 803.0 1079.0 1070.0 833.0 392.0 820.0 750.0 558.0 513.0 896.0 823.0 935.0 1135.0 779.0 757.0 643.0 96.0 651.0 918.0 161.0 1061.0 622.0 807.0 805.0 628.0 74.0 1122.0 483.0 352.0 785.0 868.0 664.0 387.0 222.0 214.0 598.0 666.0 462.0 555.0 902.0 1197.0 528.0 512.0 300.0 759.0 
942.0 321.0 857.0 889.0 915.0 554.0 459.0 638.0 1071.0 656.0 528.0 513.0 674.0 531.0 666.0 674.0 1053.0 501.0 736.0 52.0 481.0 417.0 417.0 1056.0 111.0 209.0 434.0 998.0 771.0 1008.0 313.0 230.0 388.0 572.0 909.0 296.0 488.0 473.0 596.0 678.0 851.0 320.0 270.0 311.0 1090.0 371.0 390.0 783.0 102.0 145.0 927.0 686.0 650.0 631.0 269.0 592.0 414.0 874.0 486.0 144.0 0.0 190.0 149.0 698.0 317.0 392.0 382.0 191.0 734.0 771.0 864.0 898.0 620.0 471.0 397.0 737.0 241.0 679.0 247.0 870.0 895.0 1073.0 1050.0 718.0 279.0 745.0 621.0 435.0 481.0 844.0 907.0 873.0 1098.0 845.0 850.0 628.0 153.0 716.0 866.0 88.0 1013.0 501.0 774.0 720.0 627.0 206.0 1094.0 350.0 420.0 740.0 789.0 709.0 485.0 258.0 205.0 621.0 694.0 346.0 430.0 867.0 1165.0 415.0 423.0 244.0 627.0 
753.0 262.0 720.0 782.0 726.0 452.0 305.0 449.0 913.0 476.0 390.0 500.0 493.0 350.0 608.0 498.0 904.0 519.0 723.0 199.0 408.0 309.0 251.0 915.0 85.0 257.0 323.0 878.0 709.0 835.0 139.0 59.0 337.0 406.0 722.0 270.0 367.0 320.0 429.0 587.0 667.0 229.0 97.0 230.0 959.0 222.0 215.0 638.0 169.0 65.0 810.0 498.0 520.0 612.0 249.0 505.0 245.0 685.0 302.0 174.0 190.0 0.0 138.0 589.0 217.0 413.0 246.0 79.0 719.0 582.0 686.0 753.0 631.0 282.0 274.0 652.0 163.0 493.0 83.0 700.0 713.0 910.0 898.0 708.0 287.0 659.0 654.0 453.0 340.0 725.0 722.0 767.0 962.0 656.0 670.0 470.0 78.0 527.0 747.0 116.0 889.0 512.0 634.0 649.0 459.0 239.0 949.0 409.0 235.0 613.0 707.0 521.0 316.0 69.0 46.0 439.0 511.0 353.0 455.0 729.0 1023.0 412.0 369.0 147.0 666.0 
840.0 378.0 857.0 918.0 818.0 586.0 322.0 548.0 1047.0 534.0 527.0 604.0 615.0 413.0 731.0 624.0 1039.0 608.0 829.0 191.0 533.0 442.0 289.0 1051.0 131.0 120.0 457.0 1015.0 833.0 961.0 201.0 197.0 453.0 539.0 832.0 372.0 503.0 457.0 463.0 719.0 781.0 172.0 233.0 163.0 1096.0 359.0 273.0 775.0 205.0 151.0 947.0 587.0 657.0 720.0 134.0 635.0 288.0 777.0 424.0 39.0 149.0 138.0 0.0 724.0 170.0 498.0 240.0 78.0 826.0 669.0 810.0 890.0 726.0 387.0 409.0 783.0 94.0 608.0 141.0 829.0 773.0 1042.0 1033.0 813.0 374.0 790.0 737.0 541.0 477.0 862.0 791.0 903.0 1099.0 744.0 727.0 606.0 60.0 616.0 884.0 145.0 1027.0 605.0 771.0 776.0 590.0 103.0 1085.0 473.0 316.0 750.0 838.0 627.0 357.0 184.0 180.0 560.0 628.0 444.0 539.0 866.0 1160.0 509.0 487.0 270.0 746.0 
740.0 382.0 201.0 194.0 695.0 146.0 735.0 534.0 455.0 712.0 216.0 339.0 397.0 648.0 195.0 356.0 408.0 424.0 381.0 662.0 234.0 285.0 676.0 386.0 612.0 843.0 269.0 301.0 219.0 497.0 623.0 531.0 331.0 295.0 577.0 420.0 223.0 297.0 761.0 78.0 511.0 782.0 500.0 790.0 402.0 374.0 633.0 182.0 600.0 581.0 229.0 595.0 103.0 324.0 833.0 127.0 667.0 672.0 430.0 757.0 698.0 589.0 724.0 0.0 766.0 436.0 742.0 664.0 371.0 645.0 435.0 261.0 422.0 506.0 315.0 113.0 739.0 453.0 630.0 378.0 841.0 481.0 417.0 384.0 461.0 115.0 495.0 424.0 262.0 150.0 808.0 179.0 417.0 676.0 826.0 237.0 665.0 607.0 171.0 620.0 319.0 406.0 158.0 162.0 296.0 826.0 432.0 521.0 584.0 85.0 158.0 514.0 692.0 567.0 545.0 400.0 434.0 428.0 442.0 210.0 492.0 385.0 302.0 462.0 520.0 
722.0 475.0 864.0 955.0 707.0 641.0 170.0 459.0 1021.0 398.0 553.0 716.0 563.0 292.0 812.0 583.0 1025.0 735.0 937.0 356.0 613.0 504.0 163.0 1048.0 268.0 201.0 515.0 1037.0 910.0 910.0 146.0 258.0 550.0 527.0 748.0 486.0 548.0 473.0 311.0 778.0 707.0 18.0 275.0 31.0 1103.0 395.0 174.0 777.0 356.0 270.0 974.0 483.0 682.0 826.0 119.0 700.0 166.0 667.0 386.0 188.0 317.0 217.0 170.0 766.0 0.0 628.0 84.0 149.0 932.0 557.0 756.0 887.0 848.0 324.0 462.0 843.0 77.0 541.0 145.0 789.0 631.0 1008.0 1015.0 923.0 501.0 849.0 869.0 669.0 505.0 889.0 657.0 942.0 1101.0 631.0 583.0 600.0 180.0 510.0 910.0 293.0 1044.0 729.0 779.0 848.0 569.0 181.0 1076.0 618.0 233.0 773.0 899.0 544.0 220.0 205.0 259.0 511.0 566.0 569.0 670.0 873.0 1153.0 628.0 581.0 360.0 881.0 
991.0 186.0 634.0 595.0 952.0 314.0 699.0 697.0 884.0 809.0 387.0 134.0 641.0 694.0 319.0 617.0 842.0 111.0 346.0 341.0 215.0 269.0 638.0 822.0 370.0 595.0 279.0 719.0 417.0 889.0 533.0 384.0 150.0 499.0 884.0 150.0 324.0 398.0 798.0 381.0 815.0 639.0 389.0 638.0 831.0 352.0 592.0 590.0 299.0 360.0 648.0 763.0 446.0 246.0 632.0 310.0 630.0 917.0 521.0 515.0 392.0 413.0 498.0 436.0 628.0 0.0 655.0 482.0 345.0 842.0 780.0 690.0 229.0 563.0 298.0 422.0 565.0 676.0 492.0 751.0 1018.0 904.0 849.0 327.0 127.0 429.0 242.0 44.0 371.0 580.0 1008.0 576.0 849.0 903.0 985.0 510.0 458.0 787.0 600.0 355.0 743.0 109.0 571.0 383.0 546.0 587.0 868.0 87.0 580.0 509.0 462.0 731.0 691.0 447.0 375.0 605.0 676.0 61.0 43.0 643.0 926.0 52.0 157.0 282.0 254.0 
641.0 489.0 824.0 927.0 627.0 628.0 87.0 388.0 965.0 315.0 527.0 730.0 503.0 212.0 809.0 527.0 975.0 759.0 946.0 414.0 612.0 498.0 89.0 1002.0 314.0 284.0 507.0 1001.0 902.0 845.0 129.0 272.0 560.0 484.0 674.0 508.0 531.0 446.0 229.0 762.0 636.0 94.0 277.0 111.0 1060.0 381.0 116.0 735.0 404.0 308.0 941.0 406.0 653.0 835.0 201.0 689.0 95.0 587.0 338.0 264.0 382.0 246.0 240.0 742.0 84.0 655.0 0.0 196.0 941.0 477.0 692.0 841.0 867.0 269.0 454.0 828.0 149.0 476.0 164.0 730.0 548.0 949.0 962.0 933.0 531.0 834.0 894.0 694.0 481.0 857.0 574.0 916.0 1056.0 550.0 500.0 558.0 233.0 432.0 877.0 342.0 1006.0 750.0 739.0 838.0 521.0 263.0 1027.0 655.0 175.0 741.0 883.0 473.0 139.0 210.0 281.0 453.0 502.0 595.0 698.0 832.0 1104.0 649.0 588.0 377.0 908.0 
767.0 339.0 788.0 856.0 743.0 529.0 269.0 472.0 972.0 468.0 461.0 575.0 537.0 345.0 686.0 547.0 967.0 590.0 799.0 219.0 486.0 387.0 227.0 981.0 121.0 190.0 400.0 950.0 787.0 884.0 128.0 134.0 414.0 465.0 755.0 343.0 442.0 388.0 405.0 665.0 703.0 158.0 165.0 156.0 1028.0 293.0 203.0 704.0 210.0 123.0 883.0 513.0 592.0 688.0 171.0 582.0 224.0 702.0 346.0 116.0 191.0 79.0 78.0 664.0 149.0 482.0 196.0 0.0 795.0 595.0 733.0 819.0 704.0 309.0 350.0 729.0 85.0 530.0 64.0 753.0 707.0 966.0 959.0 784.0 355.0 736.0 723.0 523.0 411.0 798.0 723.0 842.0 1030.0 671.0 662.0 533.0 39.0 542.0 819.0 147.0 960.0 584.0 702.0 727.0 515.0 170.0 1013.0 470.0 242.0 684.0 785.0 550.0 295.0 108.0 124.0 482.0 550.0 423.0 524.0 797.0 1089.0 484.0 446.0 225.0 734.0 
1098.0 458.0 543.0 415.0 1054.0 366.0 965.0 855.0 785.0 1012.0 495.0 223.0 742.0 919.0 181.0 704.0 723.0 245.0 10.0 684.0 336.0 454.0 901.0 678.0 696.0 931.0 450.0 534.0 183.0 860.0 812.0 675.0 383.0 612.0 945.0 454.0 451.0 556.0 1033.0 295.0 877.0 946.0 664.0 948.0 654.0 573.0 854.0 550.0 637.0 678.0 478.0 921.0 453.0 108.0 957.0 307.0 892.0 1027.0 707.0 847.0 734.0 719.0 826.0 371.0 932.0 345.0 941.0 795.0 0.0 984.0 806.0 604.0 140.0 772.0 499.0 273.0 880.0 793.0 789.0 748.0 1178.0 822.0 741.0 26.0 458.0 277.0 197.0 304.0 515.0 450.0 1153.0 398.0 682.0 1027.0 1156.0 579.0 778.0 939.0 460.0 686.0 564.0 240.0 526.0 215.0 635.0 921.0 727.0 411.0 822.0 452.0 269.0 856.0 939.0 733.0 675.0 729.0 781.0 389.0 314.0 550.0 761.0 321.0 353.0 573.0 217.0 
172.0 662.0 598.0 763.0 151.0 620.0 399.0 147.0 616.0 184.0 494.0 842.0 249.0 266.0 808.0 290.0 656.0 910.0 993.0 778.0 677.0 579.0 395.0 707.0 666.0 750.0 573.0 778.0 862.0 451.0 469.0 553.0 696.0 373.0 228.0 709.0 547.0 451.0 292.0 708.0 225.0 570.0 519.0 586.0 785.0 495.0 398.0 522.0 736.0 638.0 743.0 86.0 545.0 902.0 675.0 678.0 393.0 111.0 324.0 704.0 771.0 582.0 669.0 645.0 557.0 842.0 477.0 595.0 984.0 0.0 322.0 580.0 976.0 306.0 545.0 758.0 602.0 193.0 533.0 393.0 196.0 582.0 634.0 989.0 756.0 760.0 1034.0 864.0 486.0 680.0 170.0 761.0 766.0 76.0 184.0 411.0 630.0 57.0 692.0 695.0 768.0 894.0 541.0 799.0 352.0 728.0 712.0 889.0 355.0 590.0 801.0 131.0 339.0 514.0 578.0 256.0 212.0 790.0 877.0 601.0 786.0 808.0 702.0 608.0 1055.0 
338.0 636.0 313.0 489.0 295.0 482.0 636.0 314.0 297.0 480.0 395.0 729.0 196.0 499.0 627.0 190.0 334.0 811.0 815.0 852.0 573.0 521.0 603.0 387.0 754.0 917.0 508.0 475.0 647.0 155.0 626.0 636.0 634.0 300.0 152.0 688.0 457.0 409.0 575.0 512.0 104.0 772.0 595.0 786.0 467.0 503.0 583.0 263.0 794.0 720.0 455.0 331.0 361.0 749.0 864.0 521.0 597.0 287.0 387.0 848.0 864.0 686.0 810.0 435.0 756.0 780.0 692.0 733.0 806.0 322.0 0.0 277.0 841.0 434.0 510.0 541.0 773.0 216.0 673.0 78.0 490.0 268.0 312.0 818.0 739.0 540.0 910.0 787.0 421.0 410.0 441.0 493.0 446.0 311.0 495.0 271.0 756.0 321.0 416.0 777.0 460.0 793.0 288.0 595.0 246.0 895.0 390.0 851.0 523.0 357.0 570.0 234.0 574.0 627.0 661.0 251.0 190.0 744.0 804.0 313.0 464.0 734.0 624.0 638.0 934.0 
615.0 603.0 62.0 225.0 572.0 380.0 808.0 523.0 195.0 708.0 371.0 599.0 367.0 688.0 443.0 330.0 157.0 684.0 614.0 871.0 479.0 489.0 760.0 163.0 798.0 1008.0 472.0 200.0 426.0 267.0 742.0 695.0 569.0 360.0 427.0 649.0 415.0 433.0 786.0 333.0 379.0 904.0 657.0 915.0 221.0 534.0 725.0 116.0 808.0 764.0 181.0 563.0 256.0 577.0 977.0 384.0 752.0 562.0 504.0 926.0 898.0 753.0 890.0 261.0 887.0 690.0 841.0 819.0 604.0 580.0 277.0 0.0 676.0 575.0 503.0 332.0 881.0 417.0 770.0 200.0 761.0 222.0 160.0 622.0 696.0 328.0 750.0 682.0 418.0 158.0 715.0 233.0 215.0 582.0 761.0 288.0 831.0 563.0 155.0 813.0 189.0 666.0 126.0 392.0 321.0 988.0 197.0 773.0 667.0 182.0 340.0 464.0 752.0 712.0 715.0 404.0 390.0 675.0 700.0 55.0 271.0 639.0 545.0 655.0 775.0 
1106.0 379.0 615.0 514.0 1064.0 366.0 901.0 838.0 866.0 978.0 485.0 141.0 746.0 874.0 234.0 712.0 810.0 120.0 136.0 569.0 300.0 410.0 838.0 773.0 596.0 823.0 410.0 639.0 289.0 917.0 740.0 595.0 311.0 607.0 969.0 362.0 430.0 529.0 985.0 345.0 900.0 860.0 592.0 860.0 759.0 521.0 791.0 603.0 528.0 583.0 577.0 905.0 481.0 100.0 859.0 321.0 830.0 1033.0 675.0 743.0 620.0 631.0 726.0 422.0 848.0 229.0 867.0 704.0 140.0 976.0 841.0 676.0 0.0 732.0 451.0 350.0 788.0 792.0 708.0 793.0 1165.0 898.0 824.0 116.0 353.0 356.0 75.0 186.0 492.0 533.0 1146.0 496.0 785.0 1027.0 1138.0 590.0 683.0 926.0 547.0 583.0 668.0 121.0 579.0 293.0 640.0 815.0 821.0 282.0 768.0 506.0 365.0 853.0 884.0 657.0 590.0 723.0 784.0 283.0 191.0 623.0 864.0 220.0 290.0 491.0 99.0 
475.0 377.0 561.0 678.0 446.0 418.0 236.0 168.0 698.0 248.0 297.0 591.0 240.0 148.0 613.0 260.0 707.0 646.0 779.0 474.0 439.0 323.0 185.0 734.0 362.0 487.0 325.0 742.0 694.0 587.0 193.0 247.0 427.0 224.0 446.0 420.0 324.0 221.0 263.0 542.0 395.0 341.0 214.0 354.0 795.0 214.0 154.0 472.0 430.0 333.0 685.0 221.0 408.0 675.0 431.0 483.0 178.0 405.0 77.0 424.0 471.0 282.0 387.0 506.0 324.0 563.0 269.0 309.0 772.0 306.0 434.0 575.0 732.0 0.0 281.0 605.0 341.0 223.0 247.0 466.0 461.0 684.0 694.0 771.0 463.0 609.0 778.0 592.0 262.0 603.0 459.0 669.0 789.0 378.0 425.0 297.0 339.0 250.0 622.0 391.0 744.0 632.0 478.0 628.0 255.0 465.0 759.0 598.0 94.0 490.0 658.0 242.0 187.0 214.0 273.0 187.0 246.0 506.0 602.0 568.0 837.0 536.0 443.0 306.0 797.0 
694.0 127.0 461.0 509.0 656.0 180.0 468.0 400.0 680.0 528.0 133.0 311.0 350.0 424.0 356.0 331.0 658.0 369.0 505.0 369.0 163.0 45.0 405.0 659.0 301.0 529.0 54.0 608.0 450.0 639.0 326.0 217.0 152.0 213.0 597.0 180.0 94.0 105.0 537.0 317.0 530.0 478.0 189.0 484.0 696.0 75.0 358.0 387.0 307.0 269.0 539.0 467.0 254.0 398.0 520.0 238.0 396.0 619.0 227.0 443.0 397.0 274.0 409.0 315.0 462.0 298.0 454.0 350.0 499.0 545.0 510.0 503.0 451.0 281.0 0.0 382.0 428.0 381.0 321.0 498.0 725.0 686.0 657.0 495.0 231.0 389.0 499.0 320.0 92.0 455.0 712.0 494.0 703.0 605.0 693.0 247.0 350.0 491.0 477.0 313.0 622.0 354.0 378.0 386.0 266.0 511.0 698.0 353.0 324.0 346.0 438.0 434.0 441.0 259.0 230.0 309.0 383.0 249.0 333.0 470.0 769.0 264.0 163.0 153.0 519.0 
852.0 417.0 271.0 175.0 807.0 202.0 828.0 645.0 518.0 820.0 309.0 302.0 509.0 749.0 118.0 468.0 461.0 381.0 283.0 696.0 257.0 343.0 767.0 424.0 662.0 900.0 330.0 301.0 107.0 588.0 704.0 596.0 352.0 402.0 686.0 445.0 297.0 388.0 864.0 66.0 621.0 859.0 571.0 865.0 418.0 449.0 722.0 281.0 636.0 634.0 233.0 706.0 214.0 251.0 900.0 148.0 758.0 784.0 530.0 813.0 737.0 652.0 783.0 113.0 843.0 422.0 828.0 729.0 273.0 758.0 541.0 332.0 350.0 605.0 382.0 0.0 809.0 565.0 702.0 479.0 954.0 552.0 476.0 290.0 476.0 8.0 424.0 399.0 349.0 183.0 921.0 156.0 441.0 789.0 938.0 349.0 726.0 719.0 198.0 665.0 327.0 364.0 256.0 60.0 408.0 885.0 473.0 508.0 677.0 185.0 56.0 627.0 789.0 640.0 607.0 511.0 547.0 429.0 417.0 278.0 520.0 373.0 318.0 514.0 449.0 
771.0 423.0 854.0 931.0 752.0 608.0 234.0 491.0 1026.0 455.0 532.0 660.0 578.0 339.0 769.0 593.0 1025.0 674.0 884.0 280.0 569.0 467.0 210.0 1043.0 198.0 149.0 480.0 1021.0 869.0 926.0 148.0 214.0 499.0 522.0 779.0 428.0 518.0 455.0 376.0 744.0 733.0 81.0 240.0 75.0 1094.0 366.0 205.0 768.0 284.0 206.0 955.0 523.0 663.0 773.0 97.0 663.0 211.0 711.0 391.0 115.0 241.0 163.0 94.0 739.0 77.0 565.0 149.0 85.0 880.0 602.0 773.0 881.0 788.0 341.0 428.0 809.0 0.0 563.0 112.0 800.0 691.0 1016.0 1016.0 869.0 438.0 816.0 806.0 607.0 482.0 869.0 714.0 918.0 1094.0 677.0 644.0 593.0 109.0 551.0 891.0 221.0 1029.0 668.0 768.0 809.0 569.0 127.0 1074.0 549.0 257.0 755.0 865.0 574.0 275.0 173.0 208.0 524.0 586.0 507.0 607.0 862.0 1150.0 569.0 531.0 309.0 817.0 
317.0 505.0 425.0 580.0 277.0 431.0 421.0 107.0 501.0 291.0 308.0 661.0 57.0 286.0 616.0 99.0 523.0 734.0 802.0 674.0 496.0 408.0 388.0 563.0 568.0 709.0 400.0 609.0 669.0 370.0 416.0 449.0 527.0 186.0 231.0 556.0 365.0 279.0 373.0 515.0 174.0 558.0 410.0 572.0 634.0 346.0 368.0 342.0 623.0 536.0 567.0 150.0 352.0 714.0 652.0 488.0 382.0 243.0 193.0 646.0 679.0 493.0 608.0 453.0 541.0 676.0 476.0 530.0 793.0 193.0 216.0 417.0 792.0 223.0 381.0 565.0 563.0 0.0 468.0 263.0 389.0 478.0 505.0 799.0 606.0 567.0 852.0 694.0 308.0 497.0 360.0 576.0 621.0 235.0 374.0 218.0 557.0 156.0 511.0 595.0 603.0 717.0 358.0 606.0 160.0 687.0 578.0 733.0 309.0 401.0 609.0 63.0 359.0 429.0 475.0 72.0 29.0 629.0 708.0 429.0 656.0 637.0 528.0 475.0 875.0 
704.0 333.0 742.0 821.0 680.0 501.0 224.0 408.0 918.0 410.0 421.0 574.0 478.0 285.0 669.0 489.0 916.0 598.0 794.0 268.0 469.0 361.0 174.0 932.0 158.0 245.0 373.0 909.0 767.0 825.0 67.0 115.0 406.0 413.0 692.0 347.0 409.0 344.0 353.0 637.0 641.0 159.0 132.0 164.0 982.0 256.0 144.0 657.0 247.0 146.0 843.0 450.0 551.0 682.0 208.0 558.0 169.0 639.0 287.0 178.0 247.0 83.0 141.0 630.0 145.0 492.0 164.0 64.0 789.0 533.0 673.0 770.0 708.0 247.0 321.0 702.0 112.0 468.0 0.0 696.0 648.0 911.0 907.0 780.0 367.0 709.0 733.0 532.0 371.0 758.0 662.0 807.0 983.0 608.0 604.0 483.0 98.0 479.0 780.0 188.0 918.0 590.0 656.0 705.0 461.0 223.0 964.0 491.0 179.0 644.0 758.0 487.0 241.0 63.0 118.0 423.0 489.0 432.0 535.0 751.0 1040.0 488.0 437.0 218.0 746.0 
415.0 620.0 239.0 415.0 372.0 444.0 681.0 367.0 238.0 542.0 373.0 689.0 228.0 548.0 572.0 208.0 265.0 772.0 758.0 853.0 539.0 502.0 643.0 314.0 762.0 940.0 488.0 398.0 584.0 142.0 653.0 646.0 609.0 298.0 228.0 671.0 434.0 402.0 632.0 456.0 181.0 806.0 606.0 819.0 392.0 502.0 618.0 199.0 794.0 727.0 379.0 393.0 315.0 698.0 893.0 475.0 637.0 364.0 409.0 867.0 870.0 700.0 829.0 378.0 789.0 751.0 730.0 753.0 748.0 393.0 78.0 200.0 793.0 466.0 498.0 479.0 800.0 263.0 696.0 0.0 566.0 219.0 246.0 762.0 722.0 478.0 864.0 754.0 407.0 338.0 518.0 420.0 373.0 386.0 570.0 252.0 773.0 386.0 342.0 783.0 383.0 754.0 224.0 535.0 244.0 919.0 322.0 826.0 558.0 296.0 504.0 293.0 620.0 645.0 670.0 279.0 234.0 720.0 771.0 238.0 398.0 702.0 595.0 636.0 888.0 
187.0 834.0 785.0 954.0 214.0 813.0 461.0 328.0 769.0 239.0 686.0 1028.0 445.0 364.0 1002.0 486.0 818.0 1093.0 1187.0 911.0 865.0 761.0 484.0 875.0 797.0 831.0 758.0 960.0 1057.0 592.0 582.0 695.0 876.0 567.0 359.0 879.0 736.0 637.0 322.0 903.0 387.0 640.0 667.0 656.0 956.0 667.0 505.0 713.0 877.0 774.0 931.0 260.0 741.0 1093.0 746.0 873.0 486.0 206.0 498.0 803.0 895.0 713.0 773.0 841.0 631.0 1018.0 548.0 707.0 1178.0 196.0 490.0 761.0 1165.0 461.0 725.0 954.0 691.0 389.0 648.0 566.0 0.0 728.0 794.0 1183.0 923.0 955.0 1220.0 1044.0 674.0 871.0 58.0 953.0 934.0 180.0 49.0 607.0 745.0 240.0 882.0 828.0 948.0 1078.0 733.0 995.0 548.0 811.0 874.0 1058.0 479.0 785.0 996.0 327.0 417.0 645.0 718.0 450.0 407.0 963.0 1055.0 788.0 944.0 987.0 885.0 766.0 1241.0 
552.0 799.0 284.0 422.0 516.0 591.0 898.0 580.0 52.0 747.0 554.0 818.0 446.0 764.0 664.0 425.0 125.0 903.0 832.0 1051.0 690.0 681.0 862.0 193.0 967.0 1154.0 665.0 341.0 641.0 137.0 871.0 854.0 774.0 504.0 370.0 848.0 608.0 600.0 842.0 554.0 357.0 1024.0 814.0 1038.0 270.0 702.0 836.0 314.0 990.0 932.0 363.0 598.0 460.0 798.0 1110.0 602.0 855.0 523.0 626.0 1079.0 1073.0 910.0 1042.0 481.0 1008.0 904.0 949.0 966.0 822.0 582.0 268.0 222.0 898.0 684.0 686.0 552.0 1016.0 478.0 911.0 219.0 728.0 0.0 98.0 841.0 897.0 548.0 972.0 898.0 596.0 372.0 674.0 435.0 238.0 555.0 742.0 445.0 985.0 586.0 364.0 986.0 313.0 885.0 333.0 612.0 452.0 1133.0 166.0 985.0 776.0 400.0 555.0 501.0 837.0 858.0 877.0 498.0 451.0 883.0 916.0 275.0 222.0 853.0 753.0 833.0 996.0 
625.0 761.0 217.0 333.0 587.0 540.0 919.0 611.0 49.0 787.0 524.0 755.0 464.0 789.0 591.0 436.0 28.0 839.0 750.0 1025.0 639.0 646.0 877.0 96.0 948.0 1149.0 629.0 245.0 558.0 215.0 873.0 840.0 728.0 495.0 438.0 808.0 572.0 580.0 877.0 486.0 411.0 1032.0 802.0 1044.0 176.0 683.0 847.0 271.0 963.0 914.0 272.0 638.0 414.0 725.0 1111.0 542.0 870.0 588.0 629.0 1070.0 1050.0 898.0 1033.0 417.0 1015.0 849.0 962.0 959.0 741.0 634.0 312.0 160.0 824.0 694.0 657.0 476.0 1016.0 505.0 907.0 246.0 794.0 98.0 0.0 761.0 855.0 470.0 899.0 840.0 570.0 293.0 742.0 348.0 147.0 617.0 803.0 428.0 974.0 630.0 281.0 965.0 216.0 822.0 284.0 534.0 447.0 1128.0 81.0 933.0 787.0 341.0 472.0 538.0 859.0 852.0 862.0 511.0 477.0 834.0 858.0 208.0 153.0 798.0 705.0 807.0 923.0 
1106.0 448.0 561.0 436.0 1063.0 370.0 959.0 858.0 805.0 1012.0 498.0 210.0 748.0 917.0 192.0 711.0 744.0 225.0 21.0 667.0 333.0 451.0 896.0 699.0 683.0 917.0 447.0 557.0 205.0 876.0 805.0 666.0 374.0 617.0 955.0 442.0 452.0 556.0 1030.0 307.0 888.0 936.0 657.0 937.0 677.0 568.0 848.0 565.0 622.0 666.0 500.0 924.0 463.0 99.0 945.0 312.0 887.0 1035.0 707.0 833.0 718.0 708.0 813.0 384.0 923.0 327.0 933.0 784.0 26.0 989.0 818.0 622.0 116.0 771.0 495.0 290.0 869.0 799.0 780.0 762.0 1183.0 841.0 761.0 0.0 443.0 294.0 172.0 285.0 516.0 469.0 1158.0 419.0 705.0 1033.0 1159.0 586.0 766.0 943.0 480.0 672.0 587.0 221.0 540.0 231.0 642.0 907.0 748.0 390.0 819.0 467.0 290.0 862.0 935.0 725.0 665.0 734.0 787.0 374.0 294.0 568.0 784.0 306.0 346.0 563.0 191.0 
914.0 104.0 645.0 641.0 878.0 319.0 579.0 610.0 884.0 704.0 349.0 236.0 579.0 585.0 393.0 561.0 852.0 236.0 460.0 231.0 227.0 220.0 518.0 841.0 244.0 474.0 235.0 758.0 497.0 863.0 411.0 262.0 130.0 443.0 826.0 52.0 291.0 335.0 685.0 423.0 759.0 512.0 272.0 511.0 862.0 263.0 474.0 586.0 180.0 233.0 686.0 674.0 441.0 353.0 507.0 340.0 511.0 840.0 433.0 392.0 279.0 287.0 374.0 461.0 501.0 127.0 531.0 355.0 458.0 756.0 739.0 696.0 353.0 463.0 231.0 476.0 438.0 606.0 367.0 722.0 923.0 897.0 855.0 443.0 0.0 484.0 368.0 169.0 319.0 610.0 918.0 623.0 876.0 822.0 887.0 472.0 331.0 700.0 631.0 231.0 778.0 232.0 571.0 451.0 495.0 465.0 885.0 136.0 467.0 520.0 525.0 656.0 574.0 325.0 251.0 536.0 610.0 71.0 170.0 655.0 949.0 138.0 161.0 164.0 380.0 
852.0 424.0 267.0 168.0 807.0 209.0 834.0 648.0 513.0 824.0 314.0 309.0 511.0 754.0 124.0 470.0 455.0 388.0 287.0 703.0 264.0 350.0 773.0 418.0 670.0 907.0 337.0 294.0 107.0 585.0 710.0 603.0 359.0 406.0 686.0 452.0 303.0 393.0 868.0 72.0 621.0 865.0 577.0 872.0 411.0 456.0 728.0 279.0 644.0 642.0 226.0 709.0 217.0 257.0 907.0 155.0 764.0 785.0 534.0 820.0 745.0 659.0 790.0 115.0 849.0 429.0 834.0 736.0 277.0 760.0 540.0 328.0 356.0 609.0 389.0 8.0 816.0 567.0 709.0 478.0 955.0 548.0 470.0 294.0 484.0 0.0 430.0 407.0 355.0 178.0 922.0 149.0 434.0 790.0 940.0 351.0 733.0 721.0 192.0 673.0 320.0 372.0 254.0 65.0 410.0 892.0 467.0 515.0 682.0 184.0 50.0 629.0 794.0 647.0 614.0 513.0 549.0 437.0 424.0 274.0 513.0 381.0 326.0 521.0 454.0 
1168.0 412.0 689.0 588.0 1126.0 431.0 935.0 893.0 940.0 1026.0 545.0 192.0 808.0 917.0 308.0 776.0 885.0 137.0 191.0 569.0 357.0 460.0 872.0 847.0 610.0 828.0 462.0 712.0 360.0 990.0 770.0 623.0 352.0 667.0 1035.0 387.0 488.0 584.0 1026.0 419.0 966.0 880.0 624.0 879.0 832.0 565.0 826.0 675.0 534.0 601.0 650.0 960.0 550.0 174.0 870.0 390.0 864.0 1094.0 725.0 750.0 621.0 654.0 737.0 495.0 869.0 242.0 894.0 723.0 197.0 1034.0 910.0 750.0 75.0 778.0 499.0 424.0 806.0 852.0 733.0 864.0 1220.0 972.0 899.0 172.0 368.0 430.0 0.0 201.0 548.0 607.0 1203.0 569.0 858.0 1086.0 1191.0 655.0 698.0 982.0 621.0 593.0 741.0 147.0 652.0 367.0 703.0 821.0 896.0 272.0 808.0 579.0 439.0 913.0 922.0 686.0 615.0 783.0 846.0 301.0 199.0 697.0 937.0 248.0 337.0 519.0 25.0 
1010.0 217.0 624.0 574.0 970.0 312.0 736.0 720.0 876.0 839.0 397.0 101.0 656.0 726.0 291.0 629.0 832.0 68.0 304.0 384.0 215.0 287.0 674.0 808.0 412.0 638.0 295.0 699.0 386.0 890.0 571.0 422.0 169.0 513.0 896.0 187.0 335.0 416.0 832.0 363.0 827.0 680.0 425.0 679.0 813.0 379.0 628.0 586.0 342.0 401.0 629.0 786.0 444.0 207.0 675.0 299.0 666.0 935.0 546.0 558.0 435.0 453.0 541.0 424.0 669.0 44.0 694.0 523.0 304.0 864.0 787.0 682.0 186.0 592.0 320.0 399.0 607.0 694.0 532.0 754.0 1044.0 898.0 840.0 285.0 169.0 407.0 201.0 0.0 387.0 565.0 1032.0 555.0 833.0 923.0 1011.0 518.0 500.0 810.0 583.0 398.0 724.0 66.0 566.0 357.0 558.0 630.0 855.0 114.0 613.0 500.0 437.0 751.0 725.0 486.0 414.0 622.0 692.0 100.0 19.0 633.0 910.0 57.0 167.0 319.0 215.0 
625.0 216.0 381.0 451.0 584.0 157.0 480.0 347.0 591.0 497.0 50.0 356.0 270.0 409.0 352.0 247.0 572.0 426.0 523.0 457.0 192.0 103.0 419.0 578.0 380.0 597.0 93.0 540.0 433.0 548.0 361.0 281.0 221.0 128.0 514.0 268.0 65.0 41.0 524.0 285.0 446.0 521.0 246.0 529.0 619.0 119.0 374.0 303.0 395.0 347.0 473.0 414.0 181.0 423.0 577.0 221.0 410.0 550.0 192.0 513.0 481.0 340.0 477.0 262.0 505.0 371.0 481.0 411.0 515.0 486.0 421.0 418.0 492.0 262.0 92.0 349.0 482.0 308.0 371.0 407.0 674.0 596.0 570.0 516.0 319.0 355.0 548.0 387.0 0.0 388.0 655.0 438.0 624.0 540.0 647.0 156.0 418.0 435.0 409.0 396.0 550.0 410.0 296.0 367.0 178.0 578.0 615.0 434.0 328.0 274.0 404.0 366.0 442.0 309.0 300.0 237.0 306.0 328.0 401.0 390.0 687.0 330.0 221.0 238.0 570.0 
742.0 530.0 102.0 84.0 697.0 294.0 839.0 594.0 336.0 780.0 338.0 473.0 441.0 735.0 300.0 399.0 278.0 556.0 460.0 810.0 383.0 428.0 783.0 245.0 755.0 981.0 412.0 154.0 270.0 424.0 744.0 666.0 480.0 380.0 561.0 569.0 361.0 416.0 843.0 202.0 504.0 906.0 633.0 915.0 253.0 505.0 743.0 158.0 748.0 723.0 86.0 646.0 207.0 433.0 965.0 273.0 775.0 682.0 527.0 896.0 844.0 725.0 862.0 150.0 889.0 580.0 857.0 798.0 450.0 680.0 410.0 158.0 533.0 603.0 455.0 183.0 869.0 497.0 758.0 338.0 871.0 372.0 293.0 469.0 610.0 178.0 607.0 565.0 388.0 0.0 830.0 84.0 270.0 695.0 863.0 309.0 803.0 652.0 22.0 764.0 170.0 538.0 139.0 242.0 361.0 963.0 293.0 666.0 689.0 116.0 183.0 553.0 789.0 697.0 683.0 462.0 473.0 576.0 583.0 106.0 346.0 529.0 450.0 605.0 631.0 
129.0 826.0 742.0 913.0 158.0 789.0 488.0 313.0 716.0 260.0 663.0 1011.0 414.0 379.0 975.0 454.0 767.0 1078.0 1162.0 921.0 847.0 747.0 504.0 825.0 807.0 856.0 742.0 915.0 1026.0 537.0 596.0 700.0 863.0 543.0 305.0 873.0 717.0 620.0 353.0 873.0 338.0 667.0 670.0 683.0 906.0 659.0 520.0 673.0 883.0 782.0 887.0 246.0 710.0 1071.0 773.0 847.0 505.0 155.0 488.0 823.0 907.0 722.0 791.0 808.0 657.0 1008.0 574.0 723.0 1153.0 170.0 441.0 715.0 1146.0 459.0 712.0 921.0 714.0 360.0 662.0 518.0 58.0 674.0 742.0 1158.0 918.0 922.0 1203.0 1032.0 655.0 830.0 0.0 913.0 883.0 135.0 94.0 577.0 760.0 222.0 841.0 837.0 901.0 1063.0 694.0 965.0 519.0 836.0 822.0 1052.0 488.0 749.0 962.0 298.0 439.0 654.0 724.0 425.0 375.0 955.0 1044.0 744.0 891.0 975.0 871.0 765.0 1225.0 
826.0 553.0 182.0 19.0 781.0 320.0 903.0 671.0 394.0 856.0 390.0 458.0 520.0 805.0 271.0 478.0 328.0 536.0 407.0 834.0 397.0 462.0 846.0 281.0 789.0 1022.0 447.0 146.0 215.0 499.0 798.0 709.0 494.0 449.0 645.0 587.0 401.0 470.0 916.0 200.0 588.0 959.0 679.0 967.0 264.0 552.0 804.0 241.0 773.0 759.0 82.0 725.0 264.0 399.0 1012.0 284.0 837.0 765.0 593.0 935.0 873.0 767.0 903.0 179.0 942.0 576.0 916.0 842.0 398.0 761.0 493.0 233.0 496.0 669.0 494.0 156.0 918.0 576.0 807.0 420.0 953.0 435.0 348.0 419.0 623.0 149.0 569.0 555.0 438.0 84.0 913.0 0.0 289.0 778.0 945.0 380.0 844.0 732.0 79.0 796.0 173.0 520.0 220.0 206.0 435.0 1005.0 330.0 662.0 752.0 182.0 132.0 634.0 856.0 745.0 724.0 537.0 553.0 580.0 572.0 185.0 369.0 527.0 462.0 639.0 593.0 
769.0 791.0 243.0 271.0 729.0 558.0 1021.0 728.0 186.0 909.0 575.0 739.0 574.0 899.0 558.0 540.0 119.0 820.0 692.0 1067.0 651.0 683.0 974.0 59.0 1002.0 1218.0 666.0 149.0 502.0 361.0 957.0 903.0 746.0 575.0 580.0 833.0 611.0 643.0 993.0 470.0 548.0 1118.0 867.0 1129.0 36.0 742.0 940.0 326.0 1005.0 969.0 209.0 762.0 449.0 687.0 1190.0 542.0 966.0 729.0 718.0 1135.0 1098.0 962.0 1099.0 417.0 1101.0 849.0 1056.0 1030.0 682.0 766.0 446.0 215.0 785.0 789.0 703.0 441.0 1094.0 621.0 983.0 373.0 934.0 238.0 147.0 705.0 876.0 434.0 858.0 833.0 624.0 270.0 883.0 289.0 0.0 755.0 940.0 502.0 1040.0 757.0 250.0 1015.0 119.0 803.0 329.0 494.0 535.0 1198.0 73.0 935.0 881.0 360.0 420.0 662.0 964.0 924.0 923.0 615.0 593.0 844.0 851.0 234.0 80.0 798.0 718.0 855.0 882.0 
97.0 725.0 608.0 778.0 77.0 665.0 471.0 214.0 594.0 249.0 543.0 895.0 285.0 340.0 848.0 324.0 641.0 966.0 1035.0 852.0 730.0 636.0 469.0 697.0 739.0 825.0 630.0 781.0 895.0 420.0 544.0 625.0 755.0 421.0 187.0 774.0 599.0 507.0 357.0 743.0 207.0 644.0 591.0 660.0 777.0 559.0 474.0 538.0 808.0 711.0 753.0 159.0 579.0 948.0 749.0 721.0 468.0 41.0 390.0 779.0 845.0 656.0 744.0 676.0 631.0 903.0 550.0 671.0 1027.0 76.0 311.0 582.0 1027.0 378.0 605.0 789.0 677.0 235.0 608.0 386.0 180.0 555.0 617.0 1033.0 822.0 790.0 1086.0 923.0 540.0 695.0 135.0 778.0 755.0 0.0 187.0 449.0 705.0 130.0 706.0 769.0 768.0 949.0 559.0 834.0 392.0 803.0 696.0 953.0 430.0 615.0 829.0 174.0 412.0 588.0 651.0 304.0 246.0 852.0 936.0 610.0 768.0 866.0 759.0 676.0 1109.0 
216.0 800.0 782.0 947.0 236.0 790.0 414.0 302.0 781.0 195.0 662.0 1000.0 430.0 320.0 982.0 472.0 827.0 1062.0 1164.0 868.0 838.0 732.0 438.0 882.0 754.0 784.0 729.0 960.0 1041.0 606.0 538.0 654.0 844.0 545.0 373.0 844.0 710.0 609.0 274.0 886.0 393.0 592.0 628.0 608.0 961.0 634.0 460.0 706.0 835.0 732.0 927.0 236.0 724.0 1068.0 698.0 851.0 440.0 220.0 466.0 757.0 850.0 670.0 727.0 826.0 583.0 985.0 500.0 662.0 1156.0 184.0 495.0 761.0 1138.0 425.0 693.0 938.0 644.0 374.0 604.0 570.0 49.0 742.0 803.0 1159.0 887.0 940.0 1191.0 1011.0 647.0 863.0 94.0 945.0 940.0 187.0 0.0 590.0 700.0 220.0 876.0 785.0 948.0 1047.0 725.0 977.0 531.0 763.0 883.0 1022.0 437.0 773.0 982.0 313.0 370.0 603.0 677.0 429.0 394.0 929.0 1023.0 784.0 954.0 955.0 855.0 728.0 1211.0 
521.0 369.0 266.0 387.0 477.0 224.0 533.0 298.0 444.0 479.0 124.0 467.0 164.0 427.0 400.0 126.0 434.0 547.0 588.0 608.0 306.0 253.0 480.0 450.0 523.0 722.0 239.0 446.0 451.0 393.0 455.0 413.0 364.0 75.0 382.0 421.0 187.0 156.0 536.0 297.0 313.0 617.0 374.0 628.0 504.0 258.0 443.0 178.0 547.0 489.0 389.0 359.0 135.0 505.0 689.0 275.0 472.0 449.0 222.0 643.0 628.0 470.0 606.0 237.0 600.0 510.0 558.0 533.0 579.0 411.0 271.0 288.0 590.0 297.0 247.0 349.0 593.0 218.0 483.0 252.0 607.0 445.0 428.0 586.0 472.0 351.0 655.0 518.0 156.0 309.0 577.0 380.0 502.0 449.0 590.0 0.0 547.0 371.0 327.0 542.0 449.0 529.0 182.0 389.0 60.0 702.0 481.0 580.0 386.0 199.0 395.0 281.0 482.0 426.0 435.0 164.0 203.0 474.0 535.0 274.0 557.0 464.0 354.0 389.0 678.0 
801.0 325.0 798.0 859.0 777.0 527.0 308.0 503.0 989.0 506.0 468.0 557.0 562.0 382.0 677.0 569.0 981.0 567.0 781.0 181.0 478.0 384.0 265.0 992.0 90.0 179.0 399.0 956.0 779.0 906.0 164.0 137.0 400.0 481.0 784.0 325.0 444.0 398.0 444.0 662.0 731.0 187.0 174.0 183.0 1037.0 299.0 240.0 716.0 177.0 101.0 887.0 547.0 598.0 671.0 180.0 578.0 262.0 736.0 370.0 96.0 153.0 78.0 60.0 665.0 180.0 458.0 233.0 39.0 778.0 630.0 756.0 831.0 683.0 339.0 350.0 726.0 109.0 557.0 98.0 773.0 745.0 985.0 974.0 766.0 331.0 733.0 698.0 500.0 418.0 803.0 760.0 844.0 1040.0 705.0 700.0 547.0 0.0 575.0 824.0 113.0 967.0 562.0 712.0 720.0 533.0 161.0 1026.0 441.0 276.0 690.0 781.0 580.0 333.0 129.0 121.0 507.0 576.0 401.0 500.0 807.0 1101.0 464.0 434.0 214.0 709.0 
227.0 606.0 576.0 735.0 202.0 573.0 357.0 91.0 617.0 162.0 446.0 790.0 213.0 220.0 763.0 255.0 651.0 857.0 947.0 722.0 627.0 525.0 347.0 699.0 609.0 700.0 521.0 759.0 821.0 460.0 415.0 496.0 642.0 327.0 252.0 654.0 497.0 399.0 264.0 666.0 233.0 524.0 463.0 539.0 774.0 439.0 347.0 496.0 679.0 581.0 719.0 30.0 505.0 853.0 627.0 633.0 345.0 161.0 268.0 651.0 716.0 527.0 616.0 607.0 510.0 787.0 432.0 542.0 939.0 57.0 321.0 563.0 926.0 250.0 491.0 719.0 551.0 156.0 479.0 386.0 240.0 586.0 630.0 943.0 700.0 721.0 982.0 810.0 435.0 652.0 222.0 732.0 757.0 130.0 220.0 371.0 575.0 0.0 666.0 639.0 750.0 841.0 513.0 758.0 312.0 678.0 707.0 833.0 301.0 557.0 764.0 100.0 296.0 458.0 522.0 210.0 180.0 735.0 823.0 580.0 783.0 754.0 649.0 551.0 1003.0 
750.0 552.0 104.0 74.0 706.0 316.0 858.0 610.0 326.0 796.0 360.0 491.0 455.0 753.0 315.0 414.0 265.0 573.0 470.0 832.0 404.0 450.0 803.0 228.0 776.0 1003.0 434.0 132.0 278.0 422.0 764.0 688.0 501.0 399.0 568.0 591.0 383.0 437.0 861.0 220.0 512.0 927.0 655.0 936.0 233.0 527.0 763.0 170.0 769.0 745.0 64.0 661.0 229.0 448.0 986.0 294.0 795.0 691.0 546.0 918.0 866.0 747.0 884.0 171.0 910.0 600.0 877.0 819.0 460.0 692.0 416.0 155.0 547.0 622.0 477.0 198.0 891.0 511.0 780.0 342.0 882.0 364.0 281.0 480.0 631.0 192.0 621.0 583.0 409.0 22.0 841.0 79.0 250.0 706.0 876.0 327.0 824.0 666.0 0.0 786.0 148.0 556.0 154.0 255.0 378.0 985.0 276.0 686.0 709.0 137.0 192.0 567.0 808.0 718.0 704.0 478.0 487.0 596.0 601.0 106.0 327.0 549.0 471.0 627.0 645.0 
865.0 250.0 773.0 812.0 837.0 476.0 411.0 558.0 984.0 591.0 443.0 464.0 589.0 465.0 602.0 588.0 968.0 465.0 689.0 84.0 410.0 336.0 362.0 972.0 31.0 246.0 353.0 918.0 706.0 921.0 251.0 147.0 322.0 485.0 825.0 235.0 405.0 386.0 541.0 604.0 767.0 300.0 185.0 295.0 1008.0 284.0 328.0 698.0 64.0 60.0 847.0 610.0 567.0 581.0 278.0 519.0 357.0 796.0 402.0 161.0 88.0 116.0 145.0 620.0 293.0 355.0 342.0 147.0 686.0 695.0 777.0 813.0 583.0 391.0 313.0 665.0 221.0 595.0 188.0 783.0 828.0 986.0 965.0 672.0 231.0 673.0 593.0 398.0 396.0 764.0 837.0 796.0 1015.0 769.0 785.0 542.0 113.0 639.0 786.0 0.0 933.0 462.0 690.0 652.0 540.0 235.0 1009.0 330.0 350.0 658.0 719.0 628.0 428.0 184.0 121.0 535.0 610.0 301.0 395.0 783.0 1081.0 367.0 357.0 161.0 602.0 
796.0 699.0 184.0 154.0 754.0 463.0 980.0 707.0 264.0 893.0 500.0 628.0 551.0 866.0 443.0 512.0 191.0 708.0 573.0 979.0 551.0 597.0 928.0 127.0 922.0 1146.0 581.0 32.0 384.0 414.0 898.0 830.0 648.0 523.0 607.0 738.0 528.0 575.0 968.0 362.0 563.0 1061.0 796.0 1071.0 92.0 668.0 891.0 273.0 917.0 890.0 95.0 750.0 370.0 571.0 1125.0 440.0 920.0 747.0 670.0 1061.0 1013.0 889.0 1027.0 319.0 1044.0 743.0 1006.0 960.0 564.0 768.0 460.0 189.0 668.0 744.0 622.0 327.0 1029.0 603.0 918.0 383.0 948.0 313.0 216.0 587.0 778.0 320.0 741.0 724.0 550.0 170.0 901.0 173.0 119.0 768.0 948.0 449.0 967.0 750.0 148.0 933.0 0.0 691.0 267.0 379.0 492.0 1127.0 172.0 829.0 834.0 277.0 303.0 652.0 926.0 857.0 848.0 583.0 576.0 742.0 741.0 178.0 198.0 692.0 618.0 773.0 765.0 
1034.0 266.0 606.0 539.0 993.0 311.0 789.0 751.0 860.0 880.0 413.0 68.0 675.0 770.0 250.0 646.0 811.0 19.0 240.0 449.0 224.0 317.0 726.0 782.0 475.0 703.0 321.0 665.0 337.0 887.0 625.0 478.0 206.0 533.0 910.0 243.0 353.0 444.0 879.0 338.0 841.0 741.0 478.0 740.0 782.0 419.0 680.0 576.0 407.0 463.0 597.0 818.0 440.0 148.0 738.0 285.0 718.0 959.0 581.0 622.0 501.0 512.0 605.0 406.0 729.0 109.0 750.0 584.0 240.0 894.0 793.0 666.0 121.0 632.0 354.0 364.0 668.0 717.0 590.0 754.0 1078.0 885.0 822.0 221.0 232.0 372.0 147.0 66.0 410.0 538.0 1063.0 520.0 803.0 949.0 1047.0 529.0 562.0 841.0 556.0 462.0 691.0 0.0 555.0 316.0 573.0 694.0 830.0 172.0 661.0 486.0 396.0 776.0 775.0 541.0 472.0 646.0 713.0 162.0 74.0 615.0 882.0 102.0 193.0 374.0 166.0 
611.0 478.0 87.0 222.0 566.0 259.0 714.0 457.0 314.0 643.0 248.0 488.0 302.0 604.0 352.0 261.0 282.0 573.0 535.0 746.0 358.0 364.0 662.0 282.0 676.0 890.0 347.0 265.0 361.0 339.0 633.0 575.0 445.0 256.0 436.0 524.0 290.0 315.0 710.0 236.0 375.0 796.0 539.0 806.0 327.0 414.0 624.0 25.0 684.0 642.0 212.0 508.0 131.0 482.0 864.0 270.0 653.0 548.0 403.0 807.0 774.0 634.0 771.0 158.0 779.0 571.0 739.0 702.0 526.0 541.0 288.0 126.0 579.0 478.0 378.0 256.0 768.0 358.0 656.0 224.0 733.0 333.0 284.0 540.0 571.0 254.0 652.0 566.0 296.0 139.0 694.0 220.0 329.0 559.0 725.0 182.0 712.0 513.0 154.0 690.0 267.0 555.0 0.0 312.0 228.0 870.0 320.0 653.0 568.0 74.0 282.0 415.0 662.0 597.0 595.0 326.0 334.0 552.0 584.0 96.0 392.0 520.0 423.0 531.0 676.0 
900.0 403.0 330.0 225.0 855.0 213.0 845.0 681.0 578.0 851.0 332.0 257.0 552.0 774.0 66.0 512.0 519.0 332.0 225.0 676.0 243.0 344.0 783.0 481.0 652.0 892.0 333.0 352.0 66.0 646.0 712.0 595.0 332.0 436.0 738.0 424.0 310.0 407.0 889.0 92.0 672.0 863.0 573.0 868.0 470.0 457.0 737.0 337.0 618.0 626.0 286.0 744.0 255.0 194.0 898.0 150.0 774.0 831.0 555.0 805.0 720.0 649.0 776.0 162.0 848.0 383.0 838.0 727.0 215.0 799.0 595.0 392.0 293.0 628.0 386.0 60.0 809.0 606.0 705.0 535.0 995.0 612.0 534.0 231.0 451.0 65.0 367.0 357.0 367.0 242.0 965.0 206.0 494.0 834.0 977.0 389.0 720.0 758.0 255.0 652.0 379.0 316.0 312.0 0.0 447.0 877.0 530.0 468.0 694.0 240.0 81.0 669.0 808.0 644.0 603.0 549.0 590.0 398.0 374.0 338.0 574.0 337.0 298.0 507.0 391.0 
467.0 392.0 308.0 441.0 424.0 275.0 489.0 240.0 458.0 422.0 161.0 514.0 107.0 377.0 457.0 73.0 457.0 591.0 644.0 611.0 350.0 280.0 440.0 481.0 519.0 704.0 269.0 491.0 510.0 383.0 427.0 404.0 397.0 56.0 339.0 444.0 223.0 164.0 483.0 356.0 270.0 586.0 364.0 598.0 540.0 260.0 406.0 219.0 552.0 484.0 438.0 299.0 194.0 558.0 665.0 330.0 432.0 394.0 184.0 628.0 627.0 459.0 590.0 296.0 569.0 546.0 521.0 515.0 635.0 352.0 246.0 321.0 640.0 255.0 266.0 408.0 569.0 160.0 461.0 244.0 548.0 452.0 447.0 642.0 495.0 410.0 703.0 558.0 178.0 361.0 519.0 435.0 535.0 392.0 531.0 60.0 533.0 312.0 378.0 540.0 492.0 573.0 228.0 447.0 0.0 683.0 508.0 611.0 347.0 254.0 454.0 222.0 435.0 407.0 428.0 105.0 146.0 505.0 573.0 315.0 585.0 502.0 391.0 395.0 726.0 
896.0 477.0 956.0 1019.0 878.0 688.0 350.0 618.0 1140.0 577.0 628.0 698.0 700.0 464.0 831.0 712.0 1136.0 697.0 923.0 257.0 634.0 544.0 335.0 1150.0 228.0 23.0 559.0 1116.0 934.0 1048.0 272.0 298.0 552.0 634.0 906.0 469.0 605.0 556.0 491.0 821.0 859.0 173.0 332.0 158.0 1196.0 459.0 332.0 873.0 289.0 252.0 1048.0 650.0 758.0 815.0 77.0 737.0 336.0 838.0 510.0 74.0 206.0 239.0 103.0 826.0 181.0 587.0 263.0 170.0 921.0 728.0 895.0 988.0 815.0 465.0 511.0 885.0 127.0 687.0 223.0 919.0 811.0 1133.0 1128.0 907.0 465.0 892.0 821.0 630.0 578.0 963.0 836.0 1005.0 1198.0 803.0 763.0 702.0 161.0 678.0 985.0 235.0 1127.0 694.0 870.0 877.0 683.0 0.0 1182.0 553.0 384.0 851.0 939.0 700.0 398.0 277.0 282.0 645.0 709.0 535.0 627.0 965.0 1258.0 602.0 586.0 372.0 829.0 
705.0 795.0 241.0 313.0 667.0 566.0 987.0 684.0 115.0 863.0 567.0 765.0 535.0 860.0 590.0 504.0 57.0 848.0 736.0 1066.0 663.0 683.0 943.0 50.0 994.0 1203.0 666.0 203.0 544.0 294.0 933.0 891.0 756.0 552.0 518.0 840.0 609.0 629.0 951.0 493.0 491.0 1093.0 853.0 1105.0 107.0 730.0 911.0 313.0 1003.0 961.0 249.0 714.0 448.0 723.0 1170.0 559.0 935.0 668.0 691.0 1122.0 1094.0 949.0 1085.0 432.0 1076.0 868.0 1027.0 1013.0 727.0 712.0 390.0 197.0 821.0 759.0 698.0 473.0 1074.0 578.0 964.0 322.0 874.0 166.0 81.0 748.0 885.0 467.0 896.0 855.0 615.0 293.0 822.0 330.0 73.0 696.0 883.0 481.0 1026.0 707.0 276.0 1009.0 172.0 830.0 320.0 530.0 508.0 1182.0 0.0 953.0 852.0 365.0 460.0 614.0 929.0 906.0 911.0 579.0 550.0 858.0 873.0 231.0 79.0 817.0 730.0 850.0 920.0 
1044.0 229.0 718.0 681.0 1007.0 395.0 708.0 743.0 966.0 840.0 457.0 215.0 701.0 720.0 404.0 681.0 927.0 166.0 410.0 298.0 295.0 332.0 650.0 907.0 351.0 558.0 344.0 805.0 499.0 965.0 540.0 392.0 218.0 562.0 948.0 180.0 394.0 457.0 819.0 467.0 880.0 627.0 406.0 623.0 917.0 395.0 606.0 671.0 269.0 349.0 735.0 807.0 526.0 320.0 606.0 395.0 642.0 970.0 566.0 483.0 350.0 409.0 473.0 521.0 618.0 87.0 655.0 470.0 411.0 889.0 851.0 773.0 282.0 598.0 353.0 508.0 549.0 733.0 491.0 826.0 1058.0 985.0 933.0 390.0 136.0 515.0 272.0 114.0 434.0 666.0 1052.0 662.0 935.0 953.0 1022.0 580.0 441.0 833.0 686.0 330.0 829.0 172.0 653.0 468.0 611.0 553.0 953.0 0.0 602.0 592.0 548.0 785.0 707.0 455.0 378.0 662.0 735.0 107.0 100.0 727.0 1012.0 137.0 233.0 299.0 278.0 
526.0 397.0 651.0 762.0 502.0 482.0 152.0 235.0 791.0 245.0 370.0 627.0 331.0 120.0 673.0 353.0 800.0 672.0 829.0 433.0 487.0 369.0 95.0 827.0 319.0 406.0 374.0 831.0 760.0 677.0 115.0 219.0 458.0 312.0 522.0 431.0 386.0 290.0 219.0 613.0 477.0 250.0 197.0 264.0 887.0 251.0 61.0 562.0 399.0 295.0 772.0 272.0 489.0 721.0 343.0 546.0 86.0 461.0 165.0 352.0 420.0 235.0 316.0 584.0 233.0 580.0 175.0 242.0 822.0 355.0 523.0 667.0 768.0 94.0 324.0 677.0 257.0 309.0 179.0 558.0 479.0 776.0 787.0 819.0 467.0 682.0 808.0 613.0 328.0 689.0 488.0 752.0 881.0 430.0 437.0 386.0 276.0 301.0 709.0 350.0 834.0 661.0 568.0 694.0 347.0 384.0 852.0 602.0 0.0 574.0 731.0 317.0 117.0 167.0 241.0 279.0 334.0 520.0 621.0 659.0 930.0 561.0 479.0 304.0 825.0 
672.0 432.0 126.0 189.0 627.0 201.0 724.0 492.0 376.0 676.0 224.0 419.0 344.0 624.0 278.0 302.0 335.0 504.0 462.0 708.0 299.0 324.0 669.0 322.0 646.0 869.0 307.0 266.0 290.0 413.0 628.0 554.0 391.0 268.0 503.0 475.0 253.0 301.0 734.0 162.0 439.0 790.0 520.0 799.0 351.0 392.0 628.0 99.0 645.0 614.0 201.0 548.0 93.0 408.0 850.0 203.0 660.0 607.0 413.0 785.0 740.0 613.0 750.0 85.0 773.0 509.0 741.0 684.0 452.0 590.0 357.0 182.0 506.0 490.0 346.0 185.0 755.0 401.0 644.0 296.0 785.0 400.0 341.0 467.0 520.0 184.0 579.0 500.0 274.0 116.0 749.0 182.0 360.0 615.0 773.0 199.0 690.0 557.0 137.0 658.0 277.0 486.0 74.0 240.0 254.0 851.0 365.0 592.0 574.0 0.0 216.0 461.0 676.0 582.0 571.0 358.0 380.0 495.0 519.0 136.0 431.0 458.0 365.0 497.0 603.0 
888.0 470.0 281.0 150.0 843.0 258.0 883.0 692.0 517.0 870.0 363.0 337.0 553.0 802.0 146.0 511.0 455.0 411.0 279.0 747.0 309.0 399.0 822.0 411.0 716.0 955.0 386.0 275.0 87.0 603.0 759.0 652.0 403.0 452.0 717.0 495.0 353.0 442.0 916.0 122.0 655.0 915.0 627.0 921.0 394.0 505.0 777.0 307.0 688.0 689.0 213.0 752.0 261.0 269.0 956.0 203.0 813.0 822.0 582.0 868.0 789.0 707.0 838.0 158.0 899.0 462.0 883.0 785.0 269.0 801.0 570.0 340.0 365.0 658.0 438.0 56.0 865.0 609.0 758.0 504.0 996.0 555.0 472.0 290.0 525.0 50.0 439.0 437.0 404.0 183.0 962.0 132.0 420.0 829.0 982.0 395.0 781.0 764.0 192.0 719.0 303.0 396.0 282.0 81.0 454.0 939.0 460.0 548.0 731.0 216.0 0.0 670.0 843.0 696.0 662.0 558.0 590.0 475.0 454.0 286.0 499.0 416.0 368.0 569.0 462.0 
260.0 557.0 477.0 636.0 222.0 493.0 409.0 86.0 529.0 249.0 369.0 721.0 118.0 270.0 678.0 160.0 558.0 792.0 865.0 709.0 556.0 464.0 385.0 603.0 600.0 723.0 457.0 660.0 731.0 382.0 430.0 482.0 583.0 247.0 206.0 607.0 425.0 335.0 342.0 577.0 164.0 560.0 444.0 575.0 677.0 394.0 373.0 397.0 660.0 569.0 620.0 101.0 414.0 775.0 659.0 550.0 380.0 186.0 230.0 664.0 709.0 521.0 627.0 514.0 544.0 731.0 473.0 550.0 856.0 131.0 234.0 464.0 853.0 242.0 434.0 627.0 574.0 63.0 487.0 293.0 327.0 501.0 538.0 862.0 656.0 629.0 913.0 751.0 366.0 553.0 298.0 634.0 662.0 174.0 313.0 281.0 580.0 100.0 567.0 628.0 652.0 776.0 415.0 669.0 222.0 700.0 614.0 785.0 317.0 461.0 670.0 0.0 347.0 454.0 508.0 130.0 82.0 683.0 764.0 481.0 690.0 694.0 586.0 518.0 935.0 
503.0 510.0 743.0 865.0 489.0 597.0 63.0 262.0 858.0 180.0 481.0 743.0 395.0 78.0 789.0 426.0 874.0 786.0 946.0 508.0 604.0 486.0 69.0 908.0 397.0 419.0 491.0 926.0 874.0 726.0 177.0 317.0 573.0 409.0 542.0 541.0 501.0 402.0 114.0 725.0 510.0 233.0 303.0 249.0 972.0 367.0 102.0 654.0 484.0 380.0 870.0 271.0 594.0 838.0 339.0 661.0 72.0 450.0 264.0 387.0 485.0 316.0 357.0 692.0 220.0 691.0 139.0 295.0 939.0 339.0 574.0 752.0 884.0 187.0 441.0 789.0 275.0 359.0 241.0 620.0 417.0 837.0 859.0 935.0 574.0 794.0 922.0 725.0 442.0 789.0 439.0 856.0 964.0 412.0 370.0 482.0 333.0 296.0 808.0 428.0 926.0 775.0 662.0 808.0 435.0 398.0 929.0 707.0 117.0 676.0 843.0 347.0 0.0 256.0 334.0 350.0 387.0 631.0 732.0 750.0 1007.0 674.0 595.0 411.0 938.0 
684.0 279.0 683.0 759.0 657.0 438.0 254.0 381.0 864.0 410.0 359.0 520.0 433.0 284.0 608.0 441.0 859.0 550.0 738.0 267.0 409.0 300.0 195.0 874.0 153.0 298.0 311.0 848.0 706.0 778.0 86.0 64.0 351.0 357.0 657.0 299.0 346.0 283.0 369.0 575.0 603.0 220.0 71.0 226.0 923.0 194.0 154.0 598.0 233.0 129.0 782.0 429.0 490.0 627.0 269.0 496.0 188.0 616.0 241.0 222.0 258.0 69.0 184.0 567.0 205.0 447.0 210.0 108.0 733.0 514.0 627.0 712.0 657.0 214.0 259.0 640.0 173.0 429.0 63.0 645.0 645.0 858.0 852.0 725.0 325.0 647.0 686.0 486.0 309.0 697.0 654.0 745.0 924.0 588.0 603.0 426.0 129.0 458.0 718.0 184.0 857.0 541.0 597.0 644.0 407.0 277.0 906.0 455.0 167.0 582.0 696.0 454.0 256.0 0.0 79.0 378.0 448.0 387.0 490.0 692.0 982.0 439.0 380.0 167.0 700.0 
747.0 218.0 680.0 738.0 718.0 407.0 331.0 439.0 879.0 485.0 349.0 457.0 470.0 360.0 562.0 471.0 867.0 480.0 679.0 202.0 363.0 264.0 273.0 876.0 94.0 299.0 279.0 836.0 663.0 807.0 163.0 27.0 293.0 374.0 705.0 229.0 323.0 283.0 447.0 542.0 647.0 272.0 66.0 273.0 918.0 182.0 233.0 600.0 159.0 62.0 767.0 493.0 478.0 568.0 295.0 460.0 267.0 677.0 282.0 214.0 205.0 46.0 180.0 545.0 259.0 375.0 281.0 124.0 675.0 578.0 661.0 715.0 590.0 273.0 230.0 607.0 208.0 475.0 118.0 670.0 718.0 877.0 862.0 665.0 251.0 614.0 615.0 414.0 300.0 683.0 724.0 724.0 923.0 651.0 677.0 435.0 121.0 522.0 704.0 121.0 848.0 472.0 595.0 603.0 428.0 282.0 911.0 378.0 241.0 571.0 662.0 508.0 334.0 79.0 0.0 416.0 490.0 315.0 418.0 689.0 985.0 371.0 324.0 102.0 628.0 
388.0 434.0 401.0 543.0 348.0 365.0 409.0 135.0 513.0 319.0 240.0 591.0 56.0 285.0 554.0 76.0 525.0 663.0 738.0 613.0 426.0 336.0 366.0 558.0 510.0 667.0 328.0 586.0 612.0 403.0 376.0 391.0 455.0 118.0 295.0 485.0 295.0 207.0 386.0 457.0 233.0 527.0 351.0 541.0 624.0 278.0 339.0 313.0 559.0 477.0 537.0 196.0 297.0 647.0 616.0 424.0 359.0 314.0 137.0 598.0 621.0 439.0 560.0 400.0 511.0 605.0 453.0 482.0 729.0 256.0 251.0 404.0 723.0 187.0 309.0 511.0 524.0 72.0 423.0 279.0 450.0 498.0 511.0 734.0 536.0 513.0 783.0 622.0 237.0 462.0 425.0 537.0 615.0 304.0 429.0 164.0 507.0 210.0 478.0 535.0 583.0 646.0 326.0 549.0 105.0 645.0 579.0 662.0 279.0 358.0 558.0 130.0 350.0 378.0 416.0 0.0 77.0 558.0 637.0 406.0 657.0 566.0 457.0 409.0 805.0 
323.0 509.0 399.0 556.0 281.0 421.0 448.0 135.0 472.0 318.0 301.0 655.0 39.0 314.0 602.0 79.0 494.0 729.0 790.0 688.0 490.0 407.0 414.0 535.0 584.0 731.0 398.0 582.0 652.0 344.0 438.0 464.0 526.0 180.0 219.0 560.0 361.0 279.0 402.0 498.0 157.0 583.0 425.0 597.0 606.0 354.0 393.0 317.0 635.0 551.0 541.0 176.0 335.0 703.0 675.0 476.0 408.0 249.0 209.0 666.0 694.0 511.0 628.0 434.0 566.0 676.0 502.0 550.0 781.0 212.0 190.0 390.0 784.0 246.0 383.0 547.0 586.0 29.0 489.0 234.0 407.0 451.0 477.0 787.0 610.0 549.0 846.0 692.0 306.0 473.0 375.0 553.0 593.0 246.0 394.0 203.0 576.0 180.0 487.0 610.0 576.0 713.0 334.0 590.0 146.0 709.0 550.0 735.0 334.0 380.0 590.0 82.0 387.0 448.0 490.0 77.0 0.0 631.0 707.0 403.0 627.0 636.0 526.0 485.0 869.0 
942.0 130.0 620.0 599.0 904.0 295.0 639.0 644.0 866.0 751.0 350.0 168.0 596.0 635.0 337.0 575.0 829.0 167.0 391.0 296.0 196.0 226.0 577.0 813.0 314.0 544.0 237.0 720.0 439.0 860.0 472.0 324.0 112.0 456.0 842.0 90.0 288.0 352.0 739.0 381.0 774.0 580.0 329.0 579.0 828.0 297.0 532.0 569.0 248.0 302.0 648.0 709.0 424.0 285.0 577.0 303.0 570.0 868.0 468.0 462.0 346.0 353.0 444.0 428.0 569.0 61.0 595.0 423.0 389.0 790.0 744.0 675.0 283.0 506.0 249.0 429.0 507.0 629.0 432.0 720.0 963.0 883.0 834.0 374.0 71.0 437.0 301.0 100.0 328.0 576.0 955.0 580.0 844.0 852.0 929.0 474.0 401.0 735.0 596.0 301.0 742.0 162.0 552.0 398.0 505.0 535.0 858.0 107.0 520.0 495.0 475.0 683.0 631.0 387.0 315.0 558.0 631.0 0.0 103.0 630.0 919.0 69.0 130.0 222.0 314.0 
1024.0 226.0 642.0 591.0 984.0 329.0 742.0 732.0 894.0 849.0 413.0 118.0 671.0 734.0 308.0 645.0 850.0 72.0 314.0 378.0 232.0 301.0 680.0 826.0 411.0 634.0 309.0 717.0 402.0 907.0 575.0 427.0 182.0 528.0 912.0 192.0 350.0 430.0 840.0 382.0 843.0 682.0 431.0 680.0 831.0 390.0 634.0 603.0 339.0 402.0 647.0 799.0 461.0 220.0 673.0 317.0 672.0 949.0 558.0 555.0 430.0 455.0 539.0 442.0 670.0 43.0 698.0 524.0 314.0 877.0 804.0 700.0 191.0 602.0 333.0 417.0 607.0 708.0 535.0 771.0 1055.0 916.0 858.0 294.0 170.0 424.0 199.0 19.0 401.0 583.0 1044.0 572.0 851.0 936.0 1023.0 535.0 500.0 823.0 601.0 395.0 741.0 74.0 584.0 374.0 573.0 627.0 873.0 100.0 621.0 519.0 454.0 764.0 732.0 490.0 418.0 637.0 707.0 103.0 0.0 651.0 928.0 72.0 182.0 324.0 211.0 
649.0 565.0 10.0 179.0 605.0 337.0 803.0 532.0 246.0 718.0 341.0 548.0 376.0 689.0 389.0 336.0 200.0 633.0 560.0 837.0 435.0 453.0 753.0 190.0 769.0 985.0 436.0 181.0 372.0 318.0 727.0 670.0 526.0 348.0 464.0 609.0 380.0 410.0 791.0 280.0 411.0 890.0 634.0 900.0 232.0 508.0 716.0 97.0 775.0 736.0 144.0 578.0 218.0 523.0 958.0 335.0 744.0 593.0 495.0 902.0 867.0 729.0 866.0 210.0 873.0 643.0 832.0 797.0 550.0 601.0 313.0 55.0 623.0 568.0 470.0 278.0 862.0 429.0 751.0 238.0 788.0 275.0 208.0 568.0 655.0 274.0 697.0 633.0 390.0 106.0 744.0 185.0 234.0 610.0 784.0 274.0 807.0 580.0 106.0 783.0 178.0 615.0 96.0 338.0 315.0 965.0 231.0 727.0 659.0 136.0 286.0 481.0 750.0 692.0 689.0 406.0 403.0 630.0 651.0 0.0 299.0 592.0 501.0 623.0 721.0 
772.0 862.0 309.0 350.0 734.0 630.0 1065.0 762.0 176.0 939.0 639.0 817.0 612.0 938.0 637.0 582.0 134.0 899.0 770.0 1136.0 725.0 752.0 1021.0 110.0 1067.0 1278.0 735.0 228.0 581.0 357.0 1010.0 965.0 819.0 629.0 586.0 905.0 679.0 704.0 1028.0 547.0 563.0 1171.0 927.0 1182.0 109.0 804.0 989.0 386.0 1073.0 1033.0 288.0 790.0 517.0 766.0 1246.0 618.0 1013.0 738.0 769.0 1197.0 1165.0 1023.0 1160.0 492.0 1153.0 926.0 1104.0 1089.0 761.0 786.0 464.0 271.0 864.0 837.0 769.0 520.0 1150.0 656.0 1040.0 398.0 944.0 222.0 153.0 784.0 949.0 513.0 937.0 910.0 687.0 346.0 891.0 369.0 80.0 768.0 954.0 557.0 1101.0 783.0 327.0 1081.0 198.0 882.0 392.0 574.0 585.0 1258.0 79.0 1012.0 930.0 431.0 499.0 690.0 1007.0 982.0 985.0 657.0 627.0 919.0 928.0 299.0 0.0 875.0 792.0 922.0 961.0 
953.0 165.0 582.0 546.0 914.0 264.0 687.0 663.0 833.0 784.0 342.0 99.0 599.0 672.0 274.0 574.0 791.0 112.0 323.0 365.0 165.0 231.0 625.0 771.0 379.0 611.0 238.0 669.0 375.0 840.0 523.0 377.0 112.0 457.0 841.0 142.0 279.0 360.0 780.0 330.0 772.0 640.0 376.0 640.0 780.0 323.0 578.0 539.0 317.0 364.0 598.0 730.0 396.0 217.0 642.0 258.0 616.0 879.0 490.0 528.0 415.0 412.0 509.0 385.0 628.0 52.0 649.0 484.0 321.0 808.0 734.0 639.0 220.0 536.0 264.0 373.0 569.0 637.0 488.0 702.0 987.0 853.0 798.0 306.0 138.0 381.0 248.0 57.0 330.0 529.0 975.0 527.0 798.0 866.0 955.0 464.0 464.0 754.0 549.0 367.0 692.0 102.0 520.0 337.0 502.0 602.0 817.0 137.0 561.0 458.0 416.0 694.0 674.0 439.0 371.0 566.0 636.0 69.0 72.0 592.0 875.0 0.0 111.0 272.0 265.0 
845.0 109.0 491.0 480.0 804.0 165.0 616.0 559.0 736.0 690.0 232.0 150.0 489.0 584.0 246.0 463.0 700.0 208.0 358.0 379.0 68.0 124.0 552.0 685.0 359.0 599.0 130.0 598.0 350.0 733.0 460.0 323.0 35.0 347.0 730.0 128.0 169.0 252.0 695.0 263.0 661.0 595.0 311.0 597.0 703.0 231.0 505.0 440.0 321.0 336.0 526.0 626.0 294.0 248.0 614.0 180.0 543.0 770.0 389.0 512.0 423.0 369.0 487.0 302.0 581.0 157.0 588.0 446.0 353.0 702.0 624.0 545.0 290.0 443.0 163.0 318.0 531.0 528.0 437.0 595.0 885.0 753.0 705.0 346.0 161.0 326.0 337.0 167.0 221.0 450.0 871.0 462.0 718.0 759.0 855.0 354.0 434.0 649.0 471.0 357.0 618.0 193.0 423.0 298.0 391.0 586.0 730.0 233.0 479.0 365.0 368.0 586.0 595.0 380.0 324.0 457.0 526.0 130.0 182.0 501.0 792.0 111.0 0.0 222.0 357.0 
771.0 116.0 614.0 654.0 737.0 319.0 418.0 463.0 829.0 543.0 284.0 356.0 459.0 421.0 463.0 451.0 810.0 383.0 577.0 219.0 264.0 177.0 356.0 812.0 151.0 387.0 193.0 758.0 565.0 776.0 252.0 105.0 191.0 340.0 704.0 133.0 245.0 235.0 521.0 451.0 641.0 374.0 109.0 375.0 848.0 136.0 311.0 539.0 159.0 121.0 688.0 523.0 407.0 466.0 393.0 366.0 349.0 698.0 289.0 300.0 244.0 147.0 270.0 462.0 360.0 282.0 377.0 225.0 573.0 608.0 638.0 655.0 491.0 306.0 153.0 514.0 309.0 475.0 218.0 636.0 766.0 833.0 807.0 563.0 164.0 521.0 519.0 319.0 238.0 605.0 765.0 639.0 855.0 676.0 728.0 389.0 214.0 551.0 627.0 161.0 773.0 374.0 531.0 507.0 395.0 372.0 850.0 299.0 304.0 497.0 569.0 518.0 411.0 167.0 102.0 409.0 485.0 222.0 324.0 623.0 922.0 272.0 222.0 0.0 534.0 
1191.0 429.0 713.0 611.0 1149.0 455.0 951.0 914.0 965.0 1045.0 568.0 214.0 831.0 935.0 333.0 799.0 909.0 153.0 210.0 575.0 380.0 480.0 888.0 871.0 620.0 835.0 483.0 735.0 383.0 1014.0 785.0 637.0 371.0 690.0 1059.0 401.0 510.0 605.0 1044.0 444.0 990.0 892.0 640.0 890.0 855.0 584.0 842.0 700.0 542.0 612.0 674.0 981.0 575.0 199.0 879.0 415.0 880.0 1117.0 746.0 759.0 627.0 666.0 746.0 520.0 881.0 254.0 908.0 734.0 217.0 1055.0 934.0 775.0 99.0 797.0 519.0 449.0 817.0 875.0 746.0 888.0 1241.0 996.0 923.0 191.0 380.0 454.0 25.0 215.0 570.0 631.0 1225.0 593.0 882.0 1109.0 1211.0 678.0 709.0 1003.0 645.0 602.0 765.0 166.0 676.0 391.0 726.0 829.0 920.0 278.0 825.0 603.0 462.0 935.0 938.0 700.0 628.0 805.0 869.0 314.0 211.0 721.0 961.0 265.0 357.0 534.0 0.0 
