125 0.0 5
1 657 986
2 63 413
3 831 197
4 502 26
5 835 571
6 193 448
7 641 2
8 707 913
9 837 758
10 195 593
11 183 567
12 957 905
13 329 344
14 208 662
15 980 460
16 578 91
17 994 277
18 790 262
19 461 680
20 23 799
21 321 464
22 957 900
23 40 17
24 876 978
25 812 819
26 552 974
27 828 9
28 698 993
29 455 895
30 737 728
31 195 616
32 316 21
33 662 221
34 124 437
35 148 767
36 387 577
37 574 256
38 719 709
39 577 488
40 818 878
41 837 475
42 811 698
43 234 637
44 941 171
45 942 675
46 74 90
47 505 838
48 646 874
49 275 232
50 312 2
51 810 417
52 78 653
53 813 877
54 742 932
55 695 742
56 873 127
57 329 909
58 330 855
59 847 890
60 344 78
61 889 868
62 808 364
63 966 254
64 557 22
65 261 731
66 319 838
67 803 136
68 49 527
69 461 308
70 156 853
71 984 858
72 47 815
73 713 727
74 586 24
75 368 860
76 556 933
77 152 480
78 743 978
79 94 232
80 72 254
81 511 437
82 687 3
83 472 736
84 781 278
85 165 372
86 818 346
87 614 34
88 550 813
89 653 850
90 336 393
91 189 795
92 66 592
93 90 496
94 549 736
95 348 633
96 898 124
97 862 237
98 812 133
99 520 495
100 857 415
101 645 706
102 460 710
103 359 16
104 42 731
105 971 986
106 308 496
107 203 662
108 853 150
109 885 364
110 295 678
111 935 915
112 360 790
113 922 783
114 536 890
115 154 294
116 123 93
117 272 152
118 756 309
119 153 606
120 761 620
121 547 151
122 751 327
123 595 732
124 971 903
125 365 176
opening costs
37 480 72 504 420 421 80 20 950 406 134 50 436 877 352 233 251 473 144 390 462 264 351 202 211 441 505 869 916 360 807 440 539 841 78 355 340 570 342 696 89 230 202 283 583 465 522 483 702 211 444 568 997 545 661 362 815 119 167 817 666 965 643 235 50 767 144 301 778 864 602 952 449 889 815 138 742 760 953 104 703 431 409 913 322 922 612 692 584 671 21 315 877 561 378 255 349 94 971 808 222 326 335 943 147 657 358 931 165 598 46 527 601 438 114 768 565 644 624 796 386 954 998 16 383 
star costs
0.0 826.0 808.0 973.0 452.0 711.0 985.0 89.0 291.0 607.0 633.0 311.0 721.0 554.0 618.0 899.0 786.0 737.0 364.0 662.0 621.0 313.0 1149.0 220.0 228.0 106.0 992.0 42.0 222.0 271.0 592.0 1024.0 766.0 766.0 555.0 491.0 735.0 284.0 505.0 194.0 542.0 327.0 549.0 864.0 422.0 1069.0 213.0 113.0 846.0 1043.0 590.0 668.0 191.0 101.0 247.0 886.0 337.0 353.0 213.0 961.0 261.0 641.0 795.0 970.0 471.0 369.0 863.0 762.0 706.0 519.0 352.0 634.0 265.0 965.0 316.0 115.0 715.0 87.0 942.0 938.0 569.0 984.0 312.0 719.0 787.0 660.0 953.0 204.0 137.0 675.0 506.0 711.0 750.0 273.0 470.0 896.0 777.0 867.0 510.0 606.0 281.0 340.0 1015.0 666.0 314.0 602.0 558.0 859.0 663.0 476.0 287.0 356.0 334.0 155.0 856.0 1041.0 919.0 685.0 632.0 381.0 843.0 666.0 262.0 325.0 862.0 
826.0 0.0 798.0 586.0 789.0 135.0 710.0 816.0 848.0 224.0 196.0 1021.0 275.0 289.0 919.0 608.0 941.0 743.0 480.0 389.0 263.0 1019.0 397.0 991.0 852.0 745.0 866.0 861.0 622.0 744.0 243.0 467.0 630.0 66.0 365.0 364.0 535.0 720.0 520.0 887.0 777.0 801.0 282.0 911.0 918.0 324.0 614.0 744.0 279.0 481.0 748.0 241.0 882.0 855.0 713.0 860.0 563.0 517.0 918.0 438.0 944.0 747.0 917.0 631.0 375.0 497.0 791.0 115.0 412.0 450.0 1023.0 403.0 722.0 652.0 542.0 717.0 112.0 885.0 184.0 160.0 449.0 747.0 522.0 731.0 110.0 758.0 669.0 631.0 735.0 274.0 403.0 180.0 88.0 584.0 361.0 884.0 819.0 800.0 465.0 795.0 652.0 496.0 496.0 319.0 1074.0 259.0 286.0 833.0 824.0 353.0 1007.0 480.0 936.0 672.0 150.0 326.0 335.0 701.0 213.0 729.0 551.0 694.0 621.0 1032.0 384.0 
808.0 798.0 0.0 371.0 375.0 686.0 273.0 727.0 562.0 750.0 747.0 720.0 524.0 778.0 303.0 275.0 182.0 77.0 609.0 1008.0 576.0 715.0 812.0 783.0 623.0 826.0 189.0 808.0 793.0 540.0 762.0 545.0 171.0 747.0 890.0 585.0 264.0 525.0 387.0 682.0 279.0 502.0 742.0 114.0 491.0 765.0 720.0 702.0 558.0 555.0 221.0 881.0 681.0 741.0 562.0 82.0 872.0 828.0 694.0 502.0 674.0 169.0 147.0 326.0 782.0 821.0 68.0 849.0 387.0 942.0 679.0 999.0 543.0 300.0 809.0 786.0 736.0 786.0 738.0 762.0 400.0 242.0 648.0 96.0 689.0 150.0 272.0 678.0 677.0 533.0 878.0 861.0 800.0 609.0 651.0 100.0 51.0 67.0 431.0 220.0 542.0 634.0 506.0 953.0 802.0 603.0 782.0 52.0 176.0 721.0 726.0 758.0 594.0 754.0 684.0 716.0 561.0 135.0 792.0 429.0 288.0 153.0 585.0 720.0 467.0 
973.0 586.0 371.0 0.0 639.0 524.0 142.0 911.0 806.0 645.0 629.0 990.0 363.0 701.0 646.0 101.0 553.0 373.0 656.0 910.0 474.0 986.0 463.0 1023.0 852.0 950.0 327.0 987.0 871.0 741.0 666.0 187.0 253.0 559.0 822.0 563.0 242.0 717.0 469.0 909.0 561.0 740.0 668.0 463.0 785.0 433.0 813.0 861.0 307.0 192.0 498.0 757.0 907.0 938.0 742.0 385.0 900.0 847.0 931.0 167.0 927.0 456.0 517.0 56.0 746.0 833.0 321.0 676.0 285.0 897.0 962.0 911.0 733.0 85.0 845.0 909.0 574.0 983.0 458.0 487.0 412.0 187.0 711.0 376.0 483.0 450.0 113.0 789.0 838.0 403.0 831.0 715.0 626.0 712.0 627.0 408.0 418.0 328.0 470.0 527.0 695.0 686.0 144.0 842.0 1069.0 509.0 703.0 373.0 511.0 685.0 989.0 778.0 866.0 865.0 440.0 385.0 263.0 381.0 677.0 649.0 133.0 391.0 713.0 995.0 204.0 
452.0 789.0 375.0 639.0 0.0 654.0 602.0 366.0 188.0 641.0 653.0 356.0 555.0 634.0 183.0 545.0 335.0 313.0 390.0 844.0 526.0 351.0 969.0 410.0 250.0 493.0 563.0 444.0 500.0 186.0 642.0 757.0 391.0 724.0 715.0 449.0 410.0 181.0 272.0 308.0 97.0 130.0 605.0 414.0 150.0 901.0 425.0 358.0 655.0 773.0 157.0 762.0 307.0 373.0 221.0 446.0 609.0 580.0 320.0 696.0 302.0 209.0 344.0 616.0 596.0 581.0 437.0 788.0 458.0 736.0 324.0 825.0 199.0 602.0 550.0 458.0 690.0 418.0 815.0 827.0 351.0 587.0 399.0 298.0 699.0 226.0 581.0 374.0 334.0 530.0 684.0 770.0 749.0 331.0 491.0 452.0 336.0 439.0 325.0 158.0 234.0 400.0 732.0 809.0 437.0 533.0 639.0 422.0 213.0 551.0 359.0 524.0 230.0 438.0 736.0 858.0 702.0 274.0 683.0 89.0 510.0 259.0 289.0 359.0 614.0 
711.0 135.0 686.0 524.0 654.0 0.0 633.0 694.0 715.0 146.0 120.0 891.0 172.0 215.0 788.0 526.0 820.0 626.0 355.0 391.0 129.0 888.0 458.0 865.0 722.0 637.0 772.0 744.0 519.0 612.0 169.0 445.0 522.0 70.0 323.0 233.0 427.0 588.0 387.0 759.0 645.0 667.0 194.0 798.0 783.0 378.0 500.0 622.0 232.0 462.0 618.0 236.0 754.0 732.0 582.0 752.0 481.0 430.0 790.0 400.0 813.0 621.0 797.0 561.0 292.0 410.0 686.0 165.0 303.0 407.0 891.0 395.0 591.0 579.0 448.0 606.0 53.0 764.0 238.0 229.0 319.0 665.0 401.0 613.0 81.0 634.0 591.0 511.0 611.0 154.0 348.0 193.0 114.0 458.0 242.0 776.0 702.0 695.0 331.0 665.0 521.0 375.0 463.0 321.0 946.0 125.0 215.0 725.0 698.0 252.0 877.0 381.0 803.0 560.0 159.0 362.0 307.0 580.0 163.0 594.0 463.0 571.0 493.0 902.0 322.0 
985.0 710.0 273.0 142.0 602.0 633.0 0.0 914.0 781.0 741.0 728.0 957.0 463.0 790.0 570.0 110.0 448.0 300.0 702.0 1009.0 562.0 952.0 602.0 1004.0 835.0 977.0 188.0 993.0 913.0 733.0 759.0 326.0 221.0 676.0 911.0 629.0 263.0 712.0 491.0 894.0 513.0 717.0 755.0 345.0 738.0 574.0 847.0 873.0 433.0 329.0 449.0 861.0 892.0 936.0 742.0 264.0 960.0 908.0 912.0 307.0 901.0 399.0 412.0 87.0 823.0 896.0 211.0 792.0 356.0 980.0 923.0 1007.0 729.0 60.0 901.0 935.0 684.0 982.0 594.0 623.0 455.0 47.0 754.0 310.0 603.0 387.0 42.0 817.0 849.0 496.0 913.0 824.0 741.0 740.0 696.0 285.0 323.0 216.0 508.0 467.0 705.0 731.0 283.0 944.0 1038.0 596.0 793.0 259.0 437.0 760.0 960.0 837.0 831.0 895.0 568.0 526.0 399.0 328.0 777.0 630.0 177.0 344.0 732.0 960.0 327.0 
89.0 816.0 727.0 911.0 366.0 694.0 914.0 0.0 203.0 604.0 628.0 251.0 684.0 559.0 529.0 833.0 698.0 657.0 339.0 694.0 593.0 251.0 1118.0 182.0 141.0 167.0 913.0 81.0 253.0 188.0 592.0 974.0 694.0 753.0 578.0 464.0 671.0 205.0 445.0 117.0 457.0 239.0 548.0 779.0 335.0 1039.0 216.0 73.0 807.0 993.0 507.0 681.0 112.0 40.0 172.0 804.0 379.0 382.0 142.0 911.0 188.0 559.0 709.0 904.0 482.0 396.0 783.0 763.0 654.0 555.0 283.0 668.0 187.0 898.0 344.0 153.0 704.0 75.0 917.0 916.0 515.0 911.0 295.0 640.0 766.0 578.0 884.0 187.0 83.0 639.0 532.0 717.0 745.0 238.0 456.0 812.0 694.0 788.0 458.0 521.0 217.0 320.0 963.0 690.0 274.0 578.0 564.0 777.0 578.0 475.0 229.0 369.0 252.0 173.0 831.0 1007.0 877.0 606.0 634.0 298.0 779.0 588.0 213.0 265.0 813.0 
291.0 848.0 562.0 806.0 188.0 715.0 781.0 203.0 0.0 663.0 682.0 190.0 656.0 637.0 331.0 716.0 506.0 499.0 385.0 816.0 594.0 186.0 1089.0 224.0 66.0 358.0 750.0 274.0 406.0 105.0 658.0 903.0 565.0 782.0 690.0 486.0 567.0 128.0 375.0 122.0 283.0 66.0 616.0 597.0 134.0 1015.0 342.0 224.0 770.0 921.0 343.0 767.0 122.0 199.0 143.0 633.0 530.0 517.0 133.0 840.0 122.0 396.0 521.0 788.0 577.0 525.0 623.0 822.0 587.0 688.0 178.0 793.0 128.0 776.0 480.0 332.0 740.0 240.0 911.0 917.0 458.0 770.0 366.0 484.0 775.0 413.0 758.0 293.0 206.0 620.0 650.0 789.0 792.0 289.0 505.0 637.0 522.0 626.0 412.0 344.0 199.0 381.0 883.0 796.0 265.0 591.0 642.0 609.0 397.0 548.0 186.0 479.0 89.0 329.0 826.0 976.0 829.0 457.0 701.0 158.0 673.0 440.0 244.0 198.0 750.0 
607.0 224.0 750.0 645.0 641.0 146.0 741.0 604.0 663.0 0.0 29.0 824.0 283.0 71.0 797.0 632.0 860.0 681.0 280.0 269.0 181.0 822.0 597.0 783.0 658.0 523.0 862.0 643.0 399.0 559.0 23.0 585.0 598.0 172.0 181.0 193.0 508.0 537.0 397.0 686.0 653.0 625.0 59.0 858.0 752.0 518.0 396.0 532.0 370.0 603.0 640.0 132.0 681.0 644.0 522.0 823.0 344.0 295.0 717.0 537.0 747.0 655.0 843.0 677.0 153.0 275.0 761.0 161.0 390.0 263.0 833.0 267.0 536.0 691.0 319.0 496.0 121.0 670.0 375.0 361.0 353.0 769.0 312.0 666.0 224.0 671.0 699.0 418.0 526.0 245.0 203.0 130.0 143.0 382.0 159.0 846.0 757.0 770.0 340.0 686.0 464.0 290.0 600.0 207.0 870.0 149.0 70.0 794.0 728.0 132.0 808.0 257.0 752.0 453.0 302.0 506.0 448.0 629.0 44.0 567.0 566.0 617.0 424.0 836.0 451.0 
633.0 196.0 747.0 629.0 653.0 120.0 728.0 628.0 682.0 29.0 0.0 845.0 267.0 99.0 805.0 619.0 862.0 680.0 301.0 282.0 173.0 843.0 569.0 806.0 678.0 550.0 853.0 669.0 427.0 577.0 51.0 562.0 591.0 143.0 204.0 205.0 500.0 555.0 402.0 708.0 661.0 642.0 87.0 856.0 767.0 490.0 421.0 556.0 348.0 580.0 645.0 136.0 703.0 668.0 542.0 819.0 372.0 324.0 739.0 515.0 768.0 658.0 844.0 661.0 182.0 304.0 756.0 140.0 380.0 288.0 853.0 283.0 554.0 677.0 347.0 523.0 93.0 695.0 347.0 333.0 353.0 757.0 335.0 665.0 196.0 673.0 686.0 442.0 549.0 232.0 229.0 120.0 118.0 404.0 178.0 842.0 755.0 765.0 345.0 691.0 483.0 312.0 579.0 217.0 893.0 144.0 98.0 790.0 731.0 158.0 829.0 285.0 770.0 479.0 275.0 478.0 425.0 629.0 50.0 581.0 553.0 617.0 444.0 857.0 432.0 
311.0 1021.0 720.0 990.0 356.0 891.0 957.0 251.0 190.0 824.0 845.0 0.0 843.0 788.0 446.0 898.0 630.0 665.0 545.0 940.0 774.0 5.0 1277.0 110.0 169.0 411.0 906.0 274.0 503.0 283.0 815.0 1092.0 745.0 956.0 821.0 658.0 754.0 309.0 565.0 142.0 447.0 254.0 772.0 735.0 231.0 1202.0 457.0 313.0 959.0 1110.0 510.0 915.0 147.0 217.0 309.0 783.0 629.0 629.0 112.0 1030.0 78.0 562.0 652.0 970.0 718.0 642.0 785.0 984.0 777.0 803.0 55.0 915.0 303.0 956.0 591.0 402.0 911.0 227.0 1095.0 1099.0 647.0 942.0 514.0 652.0 955.0 577.0 937.0 418.0 309.0 805.0 776.0 945.0 959.0 442.0 667.0 784.0 675.0 786.0 600.0 501.0 371.0 534.0 1072.0 932.0 83.0 768.0 793.0 763.0 546.0 700.0 25.0 608.0 127.0 422.0 1010.0 1165.0 1018.0 629.0 858.0 346.0 859.0 614.0 402.0 15.0 940.0 
721.0 275.0 524.0 363.0 555.0 172.0 463.0 684.0 656.0 283.0 267.0 843.0 0.0 341.0 662.0 355.0 669.0 469.0 361.0 549.0 121.0 839.0 437.0 838.0 678.0 669.0 602.0 747.0 566.0 561.0 304.0 324.0 355.0 226.0 461.0 241.0 261.0 535.0 287.0 725.0 525.0 599.0 309.0 636.0 697.0 360.0 525.0 618.0 125.0 343.0 487.0 399.0 720.0 719.0 541.0 586.0 565.0 512.0 753.0 267.0 767.0 480.0 644.0 395.0 393.0 495.0 518.0 335.0 137.0 538.0 833.0 549.0 543.0 411.0 518.0 632.0 224.0 758.0 261.0 273.0 205.0 495.0 418.0 457.0 167.0 490.0 422.0 519.0 601.0 50.0 473.0 362.0 284.0 450.0 290.0 611.0 544.0 528.0 244.0 533.0 481.0 389.0 330.0 482.0 908.0 154.0 343.0 559.0 557.0 336.0 833.0 448.0 738.0 584.0 183.0 325.0 201.0 429.0 316.0 513.0 292.0 423.0 471.0 852.0 172.0 
554.0 289.0 778.0 701.0 634.0 215.0 790.0 559.0 637.0 71.0 99.0 788.0 341.0 0.0 798.0 681.0 876.0 707.0 254.0 231.0 228.0 786.0 667.0 739.0 625.0 465.0 901.0 592.0 340.0 534.0 48.0 651.0 633.0 241.0 121.0 199.0 547.0 514.0 408.0 648.0 657.0 605.0 37.0 883.0 735.0 588.0 346.0 487.0 436.0 669.0 650.0 131.0 643.0 599.0 494.0 854.0 276.0 229.0 679.0 600.0 712.0 670.0 861.0 729.0 88.0 209.0 795.0 209.0 436.0 198.0 801.0 223.0 510.0 742.0 255.0 442.0 191.0 622.0 445.0 431.0 378.0 815.0 275.0 690.0 294.0 687.0 748.0 374.0 484.0 298.0 135.0 159.0 204.0 349.0 143.0 875.0 780.0 803.0 354.0 695.0 440.0 257.0 664.0 180.0 829.0 194.0 5.0 824.0 740.0 89.0 770.0 199.0 725.0 400.0 372.0 576.0 514.0 652.0 79.0 555.0 614.0 639.0 394.0 801.0 511.0 
618.0 919.0 303.0 646.0 183.0 788.0 570.0 529.0 331.0 797.0 805.0 446.0 662.0 798.0 0.0 546.0 184.0 275.0 564.0 1016.0 660.0 441.0 1040.0 529.0 397.0 669.0 476.0 604.0 682.0 362.0 801.0 797.0 398.0 857.0 887.0 605.0 455.0 361.0 404.0 449.0 144.0 292.0 767.0 292.0 219.0 979.0 608.0 532.0 741.0 810.0 176.0 923.0 450.0 529.0 401.0 350.0 791.0 761.0 451.0 742.0 419.0 197.0 207.0 609.0 769.0 762.0 370.0 934.0 541.0 913.0 399.0 999.0 378.0 588.0 732.0 636.0 829.0 570.0 915.0 932.0 470.0 543.0 579.0 270.0 820.0 199.0 562.0 557.0 509.0 648.0 860.0 924.0 891.0 512.0 656.0 346.0 253.0 368.0 462.0 131.0 416.0 577.0 764.0 977.0 527.0 673.0 803.0 336.0 136.0 719.0 458.0 703.0 329.0 619.0 843.0 933.0 773.0 271.0 840.0 272.0 532.0 265.0 472.0 444.0 678.0 
899.0 608.0 275.0 101.0 545.0 526.0 110.0 833.0 716.0 632.0 619.0 898.0 355.0 681.0 546.0 0.0 456.0 273.0 601.0 900.0 453.0 894.0 544.0 936.0 765.0 884.0 264.0 910.0 814.0 657.0 650.0 272.0 155.0 571.0 802.0 523.0 166.0 634.0 398.0 823.0 464.0 651.0 646.0 372.0 689.0 505.0 751.0 786.0 335.0 281.0 401.0 753.0 821.0 857.0 662.0 298.0 856.0 804.0 844.0 235.0 837.0 357.0 421.0 73.0 715.0 791.0 230.0 686.0 247.0 872.0 868.0 898.0 651.0 68.0 798.0 843.0 577.0 903.0 505.0 532.0 353.0 141.0 654.0 277.0 500.0 351.0 68.0 723.0 763.0 387.0 805.0 717.0 635.0 646.0 589.0 322.0 320.0 238.0 409.0 428.0 619.0 631.0 232.0 835.0 978.0 487.0 684.0 282.0 411.0 652.0 899.0 733.0 773.0 801.0 471.0 456.0 313.0 282.0 668.0 560.0 68.0 293.0 642.0 903.0 230.0 
786.0 941.0 182.0 553.0 335.0 820.0 448.0 698.0 506.0 860.0 862.0 630.0 669.0 876.0 184.0 456.0 0.0 205.0 669.0 1103.0 699.0 625.0 989.0 711.0 572.0 826.0 316.0 775.0 821.0 520.0 868.0 725.0 337.0 885.0 978.0 678.0 421.0 513.0 468.0 627.0 253.0 460.0 841.0 119.0 402.0 939.0 745.0 692.0 721.0 736.0 232.0 991.0 627.0 702.0 553.0 193.0 918.0 881.0 631.0 680.0 601.0 206.0 37.0 506.0 863.0 878.0 238.0 978.0 534.0 1017.0 582.0 1090.0 531.0 481.0 856.0 789.0 867.0 745.0 902.0 923.0 509.0 412.0 696.0 214.0 835.0 190.0 452.0 697.0 667.0 669.0 958.0 981.0 931.0 640.0 738.0 181.0 138.0 233.0 522.0 195.0 554.0 688.0 687.0 1055.0 710.0 721.0 880.0 190.0 140.0 806.0 641.0 816.0 512.0 766.0 841.0 891.0 733.0 241.0 904.0 415.0 465.0 249.0 606.0 627.0 638.0 
737.0 743.0 77.0 373.0 313.0 626.0 300.0 657.0 499.0 681.0 680.0 665.0 469.0 707.0 275.0 273.0 205.0 0.0 532.0 937.0 511.0 660.0 790.0 722.0 558.0 751.0 256.0 737.0 717.0 470.0 693.0 532.0 135.0 689.0 817.0 512.0 217.0 453.0 311.0 617.0 219.0 437.0 671.0 177.0 441.0 737.0 643.0 629.0 516.0 545.0 157.0 813.0 616.0 672.0 490.0 159.0 795.0 751.0 631.0 483.0 615.0 104.0 177.0 335.0 707.0 745.0 127.0 787.0 333.0 867.0 627.0 927.0 472.0 314.0 732.0 711.0 675.0 718.0 697.0 719.0 330.0 279.0 571.0 19.0 635.0 89.0 289.0 601.0 604.0 473.0 804.0 796.0 739.0 532.0 578.0 176.0 77.0 131.0 357.0 168.0 468.0 557.0 497.0 883.0 747.0 536.0 711.0 129.0 140.0 647.0 669.0 681.0 538.0 678.0 637.0 689.0 530.0 59.0 724.0 360.0 268.0 76.0 509.0 667.0 434.0 
364.0 480.0 609.0 656.0 390.0 355.0 702.0 339.0 385.0 280.0 301.0 545.0 361.0 254.0 564.0 601.0 669.0 532.0 0.0 454.0 258.0 543.0 786.0 511.0 378.0 308.0 765.0 393.0 216.0 281.0 274.0 675.0 502.0 416.0 325.0 127.0 439.0 260.0 225.0 409.0 429.0 351.0 232.0 700.0 482.0 706.0 165.0 269.0 486.0 695.0 438.0 384.0 404.0 378.0 243.0 690.0 265.0 219.0 440.0 614.0 468.0 470.0 661.0 665.0 207.0 213.0 643.0 440.0 372.0 351.0 553.0 436.0 257.0 668.0 203.0 271.0 369.0 411.0 580.0 577.0 249.0 714.0 58.0 514.0 428.0 489.0 664.0 161.0 257.0 314.0 296.0 405.0 415.0 105.0 123.0 708.0 598.0 650.0 195.0 477.0 186.0 31.0 672.0 423.0 595.0 240.0 259.0 660.0 529.0 167.0 530.0 150.0 473.0 223.0 494.0 678.0 561.0 474.0 317.0 306.0 536.0 457.0 144.0 557.0 514.0 
662.0 389.0 1008.0 910.0 844.0 391.0 1009.0 694.0 816.0 269.0 282.0 940.0 549.0 231.0 1016.0 900.0 1103.0 937.0 454.0 0.0 449.0 940.0 783.0 872.0 790.0 558.0 1128.0 703.0 443.0 718.0 252.0 832.0 862.0 376.0 130.0 427.0 774.0 702.0 636.0 799.0 877.0 795.0 267.0 1113.0 928.0 711.0 484.0 628.0 621.0 848.0 875.0 157.0 794.0 732.0 675.0 1084.0 326.0 313.0 830.0 790.0 869.0 898.0 1090.0 943.0 248.0 299.0 1024.0 274.0 658.0 144.0 963.0 29.0 694.0 958.0 351.0 550.0 345.0 742.0 572.0 548.0 608.0 1037.0 454.0 920.0 450.0 916.0 967.0 528.0 633.0 513.0 167.0 212.0 311.0 530.0 365.0 1106.0 1010.0 1033.0 583.0 919.0 629.0 446.0 853.0 71.0 967.0 416.0 227.0 1054.0 966.0 298.0 920.0 338.0 900.0 522.0 522.0 714.0 694.0 882.0 233.0 760.0 834.0 868.0 576.0 954.0 711.0 
621.0 263.0 576.0 474.0 526.0 129.0 562.0 593.0 594.0 181.0 173.0 774.0 121.0 228.0 660.0 453.0 699.0 511.0 258.0 449.0 0.0 772.0 528.0 757.0 606.0 560.0 682.0 650.0 452.0 493.0 198.0 444.0 419.0 199.0 349.0 131.0 328.0 468.0 258.0 647.0 517.0 544.0 194.0 686.0 656.0 449.0 417.0 524.0 237.0 463.0 492.0 308.0 643.0 630.0 467.0 647.0 446.0 392.0 677.0 387.0 698.0 498.0 679.0 502.0 274.0 375.0 584.0 280.0 210.0 423.0 772.0 446.0 473.0 514.0 399.0 525.0 170.0 666.0 325.0 326.0 192.0 589.0 312.0 497.0 182.0 511.0 521.0 418.0 510.0 73.0 357.0 286.0 234.0 355.0 172.0 670.0 587.0 593.0 202.0 539.0 405.0 283.0 450.0 387.0 834.0 35.0 231.0 618.0 573.0 216.0 762.0 329.0 681.0 478.0 239.0 421.0 316.0 462.0 220.0 467.0 387.0 452.0 384.0 785.0 292.0 
313.0 1019.0 715.0 986.0 351.0 888.0 952.0 251.0 186.0 822.0 843.0 5.0 839.0 786.0 441.0 894.0 625.0 660.0 543.0 940.0 772.0 0.0 1274.0 113.0 167.0 412.0 901.0 276.0 503.0 280.0 814.0 1088.0 741.0 954.0 820.0 656.0 750.0 306.0 561.0 141.0 442.0 250.0 770.0 730.0 226.0 1199.0 457.0 313.0 955.0 1106.0 505.0 914.0 146.0 218.0 306.0 778.0 629.0 629.0 111.0 1026.0 76.0 557.0 647.0 965.0 717.0 642.0 780.0 982.0 773.0 803.0 50.0 914.0 300.0 952.0 591.0 403.0 908.0 228.0 1092.0 1096.0 643.0 937.0 512.0 647.0 952.0 572.0 932.0 417.0 309.0 802.0 776.0 943.0 957.0 440.0 665.0 779.0 670.0 781.0 596.0 496.0 368.0 533.0 1068.0 931.0 88.0 765.0 791.0 758.0 541.0 699.0 27.0 608.0 123.0 422.0 1007.0 1161.0 1015.0 625.0 857.0 342.0 854.0 609.0 400.0 15.0 936.0 
1149.0 397.0 812.0 463.0 969.0 458.0 602.0 1118.0 1089.0 597.0 569.0 1277.0 437.0 667.0 1040.0 544.0 989.0 790.0 786.0 783.0 528.0 1274.0 0.0 1274.0 1114.0 1086.0 789.0 1178.0 972.0 996.0 619.0 277.0 655.0 429.0 758.0 659.0 586.0 970.0 715.0 1161.0 920.0 1029.0 650.0 915.0 1117.0 81.0 944.0 1050.0 319.0 273.0 868.0 638.0 1157.0 1154.0 978.0 841.0 938.0 887.0 1189.0 311.0 1203.0 843.0 956.0 518.0 748.0 868.0 773.0 511.0 512.0 845.0 1265.0 799.0 979.0 547.0 905.0 1052.0 477.0 1191.0 222.0 240.0 632.0 648.0 839.0 786.0 377.0 845.0 575.0 946.0 1035.0 479.0 793.0 576.0 482.0 881.0 689.0 865.0 851.0 781.0 678.0 909.0 917.0 811.0 320.0 715.0 1344.0 549.0 666.0 824.0 914.0 709.0 1268.0 837.0 1169.0 1005.0 300.0 113.0 269.0 774.0 600.0 940.0 525.0 776.0 906.0 1286.0 362.0 
220.0 991.0 783.0 1023.0 410.0 865.0 1004.0 182.0 224.0 783.0 806.0 110.0 838.0 739.0 529.0 936.0 711.0 722.0 511.0 872.0 757.0 113.0 1274.0 0.0 172.0 325.0 971.0 179.0 430.0 287.0 772.0 1109.0 787.0 927.0 758.0 633.0 783.0 312.0 575.0 116.0 505.0 288.0 727.0 810.0 311.0 1197.0 397.0 253.0 958.0 1128.0 565.0 862.0 120.0 142.0 298.0 852.0 552.0 560.0 93.0 1046.0 111.0 618.0 730.0 1008.0 663.0 575.0 846.0 942.0 789.0 731.0 162.0 845.0 300.0 998.0 522.0 324.0 879.0 133.0 1081.0 1082.0 653.0 994.0 471.0 707.0 935.0 635.0 980.0 366.0 258.0 797.0 711.0 898.0 923.0 407.0 631.0 855.0 742.0 848.0 601.0 564.0 357.0 495.0 1093.0 870.0 96.0 745.0 744.0 829.0 615.0 654.0 87.0 550.0 201.0 352.0 995.0 1162.0 1024.0 680.0 814.0 377.0 891.0 663.0 374.0 122.0 951.0 
228.0 852.0 623.0 852.0 250.0 722.0 835.0 141.0 66.0 658.0 678.0 169.0 678.0 625.0 397.0 765.0 572.0 558.0 378.0 790.0 606.0 167.0 1114.0 172.0 0.0 303.0 811.0 209.0 365.0 118.0 650.0 940.0 617.0 787.0 667.0 490.0 612.0 145.0 406.0 60.0 345.0 122.0 606.0 661.0 194.0 1038.0 308.0 175.0 796.0 958.0 403.0 753.0 59.0 133.0 141.0 695.0 492.0 484.0 80.0 877.0 92.0 456.0 586.0 837.0 558.0 494.0 684.0 817.0 620.0 657.0 177.0 766.0 136.0 827.0 446.0 281.0 742.0 174.0 928.0 932.0 487.0 826.0 350.0 542.0 787.0 474.0 810.0 263.0 162.0 639.0 624.0 780.0 791.0 276.0 500.0 701.0 585.0 686.0 437.0 407.0 202.0 369.0 922.0 776.0 231.0 599.0 629.0 671.0 461.0 536.0 157.0 453.0 116.0 285.0 842.0 1001.0 859.0 514.0 693.0 206.0 719.0 496.0 234.0 180.0 784.0 
106.0 745.0 826.0 950.0 493.0 637.0 977.0 167.0 358.0 523.0 550.0 411.0 669.0 465.0 669.0 884.0 826.0 751.0 308.0 558.0 560.0 412.0 1086.0 325.0 303.0 0.0 1004.0 148.0 126.0 308.0 506.0 982.0 761.0 687.0 454.0 430.0 719.0 314.0 487.0 283.0 575.0 379.0 464.0 893.0 492.0 1005.0 144.0 138.0 793.0 1002.0 614.0 573.0 279.0 195.0 273.0 906.0 233.0 252.0 307.0 920.0 354.0 662.0 831.0 953.0 380.0 270.0 875.0 673.0 673.0 415.0 448.0 530.0 295.0 951.0 217.0 42.0 636.0 192.0 872.0 866.0 539.0 981.0 252.0 733.0 716.0 683.0 943.0 162.0 160.0 620.0 405.0 619.0 665.0 239.0 398.0 918.0 800.0 881.0 481.0 637.0 284.0 280.0 978.0 565.0 420.0 537.0 469.0 878.0 695.0 393.0 388.0 266.0 417.0 86.0 788.0 980.0 869.0 696.0 543.0 412.0 824.0 677.0 246.0 425.0 820.0 
992.0 866.0 189.0 327.0 563.0 772.0 188.0 913.0 750.0 862.0 853.0 906.0 602.0 901.0 476.0 264.0 316.0 256.0 765.0 1128.0 682.0 901.0 789.0 971.0 811.0 1004.0 0.0 993.0 962.0 725.0 878.0 513.0 270.0 824.0 1019.0 720.0 355.0 709.0 541.0 870.0 467.0 690.0 865.0 198.0 676.0 759.0 890.0 884.0 597.0 517.0 409.0 989.0 869.0 927.0 745.0 127.0 1030.0 982.0 882.0 489.0 862.0 356.0 282.0 272.0 919.0 973.0 130.0 936.0 474.0 1079.0 864.0 1123.0 728.0 243.0 968.0 964.0 824.0 973.0 768.0 795.0 533.0 142.0 810.0 274.0 756.0 338.0 216.0 851.0 860.0 625.0 1013.0 960.0 885.0 779.0 788.0 135.0 231.0 126.0 576.0 408.0 721.0 792.0 470.0 1068.0 988.0 713.0 904.0 144.0 360.0 856.0 913.0 911.0 780.0 929.0 732.0 710.0 575.0 309.0 902.0 615.0 315.0 328.0 760.0 906.0 493.0 
42.0 861.0 808.0 987.0 444.0 744.0 993.0 81.0 274.0 643.0 669.0 274.0 747.0 592.0 604.0 910.0 775.0 737.0 393.0 703.0 650.0 276.0 1178.0 179.0 209.0 148.0 993.0 0.0 263.0 268.0 629.0 1045.0 773.0 800.0 595.0 520.0 748.0 285.0 520.0 167.0 537.0 316.0 585.0 858.0 401.0 1098.0 248.0 130.0 871.0 1064.0 587.0 708.0 164.0 76.0 252.0 884.0 379.0 394.0 182.0 982.0 229.0 639.0 787.0 982.0 510.0 410.0 864.0 799.0 725.0 560.0 317.0 675.0 267.0 976.0 356.0 155.0 750.0 48.0 972.0 969.0 587.0 991.0 343.0 720.0 819.0 659.0 963.0 234.0 150.0 701.0 547.0 749.0 786.0 298.0 503.0 892.0 774.0 868.0 529.0 600.0 292.0 370.0 1035.0 707.0 274.0 632.0 596.0 858.0 657.0 512.0 250.0 395.0 308.0 192.0 886.0 1069.0 943.0 687.0 669.0 379.0 856.0 669.0 281.0 288.0 883.0 
222.0 622.0 793.0 871.0 500.0 519.0 913.0 253.0 406.0 399.0 427.0 503.0 566.0 340.0 682.0 814.0 821.0 717.0 216.0 443.0 452.0 503.0 972.0 430.0 365.0 126.0 962.0 263.0 0.0 328.0 382.0 885.0 706.0 566.0 333.0 326.0 650.0 323.0 425.0 364.0 568.0 407.0 340.0 872.0 535.0 891.0 76.0 193.0 687.0 905.0 596.0 448.0 359.0 290.0 285.0 875.0 127.0 132.0 393.0 825.0 435.0 638.0 820.0 879.0 255.0 148.0 835.0 548.0 588.0 302.0 531.0 416.0 308.0 881.0 94.0 108.0 514.0 300.0 755.0 747.0 462.0 922.0 160.0 698.0 599.0 659.0 876.0 126.0 204.0 516.0 285.0 494.0 541.0 185.0 284.0 890.0 774.0 842.0 406.0 627.0 268.0 186.0 885.0 445.0 524.0 426.0 344.0 845.0 684.0 270.0 481.0 142.0 481.0 82.0 673.0 869.0 766.0 659.0 419.0 412.0 750.0 641.0 215.0 517.0 725.0 
271.0 744.0 540.0 741.0 186.0 612.0 733.0 188.0 105.0 559.0 577.0 283.0 561.0 534.0 362.0 657.0 520.0 470.0 281.0 718.0 493.0 280.0 996.0 287.0 118.0 308.0 725.0 268.0 328.0 0.0 554.0 823.0 513.0 679.0 591.0 382.0 500.0 27.0 289.0 171.0 273.0 80.0 512.0 594.0 212.0 921.0 257.0 173.0 678.0 842.0 320.0 664.0 168.0 205.0 45.0 617.0 447.0 427.0 196.0 760.0 207.0 371.0 527.0 729.0 477.0 433.0 596.0 717.0 503.0 595.0 280.0 696.0 25.0 721.0 392.0 274.0 636.0 251.0 813.0 817.0 369.0 727.0 266.0 453.0 674.0 391.0 705.0 206.0 149.0 523.0 553.0 685.0 688.0 189.0 401.0 626.0 507.0 600.0 319.0 336.0 95.0 278.0 807.0 696.0 349.0 488.0 539.0 590.0 393.0 445.0 273.0 383.0 194.0 259.0 727.0 884.0 741.0 420.0 597.0 111.0 608.0 402.0 143.0 293.0 666.0 
592.0 243.0 762.0 666.0 642.0 169.0 759.0 592.0 658.0 23.0 51.0 815.0 304.0 48.0 801.0 650.0 868.0 693.0 274.0 252.0 198.0 814.0 619.0 772.0 650.0 506.0 878.0 629.0 382.0 554.0 0.0 608.0 612.0 193.0 159.0 196.0 523.0 533.0 403.0 676.0 658.0 622.0 45.0 869.0 750.0 540.0 382.0 520.0 393.0 626.0 647.0 123.0 671.0 632.0 516.0 836.0 323.0 275.0 708.0 559.0 739.0 663.0 852.0 696.0 133.0 255.0 775.0 171.0 407.0 241.0 826.0 249.0 530.0 710.0 300.0 481.0 143.0 657.0 398.0 383.0 364.0 787.0 302.0 677.0 246.0 679.0 718.0 406.0 515.0 264.0 180.0 132.0 160.0 374.0 154.0 859.0 768.0 784.0 347.0 692.0 459.0 282.0 623.0 192.0 860.0 165.0 47.0 807.0 735.0 118.0 799.0 240.0 746.0 438.0 325.0 528.0 471.0 640.0 44.0 567.0 584.0 627.0 417.0 828.0 472.0 
1024.0 467.0 545.0 187.0 757.0 445.0 326.0 974.0 903.0 585.0 562.0 1092.0 324.0 651.0 797.0 272.0 725.0 532.0 675.0 832.0 444.0 1088.0 277.0 1109.0 940.0 982.0 513.0 1045.0 885.0 823.0 608.0 0.0 400.0 459.0 765.0 561.0 349.0 798.0 535.0 994.0 692.0 839.0 622.0 643.0 906.0 252.0 839.0 915.0 215.0 20.0 634.0 676.0 990.0 1006.0 815.0 567.0 889.0 835.0 1019.0 64.0 1023.0 600.0 691.0 242.0 713.0 818.0 501.0 573.0 322.0 848.0 1071.0 839.0 810.0 271.0 841.0 944.0 488.0 1048.0 307.0 338.0 460.0 372.0 732.0 532.0 383.0 599.0 299.0 826.0 895.0 373.0 785.0 624.0 527.0 753.0 613.0 592.0 588.0 509.0 517.0 670.0 760.0 704.0 44.0 762.0 1167.0 476.0 651.0 553.0 665.0 658.0 1088.0 771.0 974.0 897.0 318.0 206.0 139.0 526.0 608.0 747.0 266.0 532.0 764.0 1099.0 163.0 
766.0 630.0 171.0 253.0 391.0 522.0 221.0 694.0 565.0 598.0 591.0 745.0 355.0 633.0 398.0 155.0 337.0 135.0 502.0 862.0 419.0 741.0 655.0 787.0 617.0 761.0 270.0 773.0 706.0 513.0 612.0 400.0 0.0 580.0 750.0 450.0 95.0 492.0 281.0 676.0 309.0 500.0 597.0 284.0 534.0 603.0 637.0 654.0 388.0 413.0 246.0 727.0 674.0 716.0 523.0 231.0 765.0 716.0 695.0 349.0 686.0 205.0 306.0 226.0 649.0 706.0 165.0 686.0 220.0 810.0 714.0 856.0 509.0 212.0 704.0 720.0 572.0 762.0 569.0 591.0 264.0 220.0 549.0 132.0 520.0 200.0 194.0 603.0 630.0 369.0 744.0 703.0 635.0 528.0 519.0 256.0 201.0 174.0 309.0 276.0 486.0 530.0 366.0 803.0 826.0 449.0 637.0 204.0 265.0 587.0 746.0 645.0 620.0 681.0 514.0 554.0 397.0 129.0 639.0 412.0 135.0 139.0 516.0 749.0 301.0 
766.0 66.0 747.0 559.0 724.0 70.0 676.0 753.0 782.0 172.0 143.0 956.0 226.0 241.0 857.0 571.0 885.0 689.0 416.0 376.0 199.0 954.0 429.0 927.0 787.0 687.0 824.0 800.0 566.0 679.0 193.0 459.0 580.0 0.0 331.0 298.0 486.0 655.0 456.0 823.0 715.0 735.0 229.0 860.0 852.0 351.0 554.0 681.0 255.0 474.0 687.0 221.0 818.0 792.0 648.0 811.0 515.0 467.0 854.0 422.0 879.0 688.0 862.0 600.0 325.0 446.0 743.0 118.0 361.0 418.0 958.0 386.0 657.0 620.0 489.0 658.0 52.0 823.0 208.0 191.0 387.0 711.0 459.0 676.0 77.0 700.0 635.0 569.0 672.0 217.0 364.0 166.0 69.0 520.0 298.0 835.0 765.0 753.0 401.0 734.0 587.0 433.0 483.0 306.0 1010.0 194.0 239.0 784.0 765.0 296.0 942.0 425.0 870.0 613.0 147.0 345.0 322.0 645.0 172.0 663.0 511.0 637.0 556.0 967.0 356.0 
555.0 365.0 890.0 822.0 715.0 323.0 911.0 578.0 690.0 181.0 204.0 821.0 461.0 121.0 887.0 802.0 978.0 817.0 325.0 130.0 349.0 820.0 758.0 758.0 667.0 454.0 1019.0 595.0 333.0 591.0 159.0 765.0 750.0 331.0 0.0 306.0 666.0 574.0 512.0 680.0 749.0 667.0 156.0 993.0 800.0 682.0 364.0 510.0 550.0 783.0 749.0 134.0 675.0 617.0 548.0 968.0 231.0 203.0 710.0 717.0 748.0 774.0 966.0 850.0 119.0 186.0 910.0 260.0 556.0 87.0 841.0 112.0 567.0 863.0 239.0 441.0 288.0 632.0 538.0 519.0 491.0 935.0 326.0 800.0 396.0 792.0 869.0 405.0 512.0 419.0 50.0 194.0 278.0 403.0 241.0 988.0 890.0 919.0 461.0 792.0 501.0 318.0 781.0 112.0 852.0 315.0 119.0 937.0 840.0 172.0 801.0 214.0 775.0 408.0 474.0 675.0 628.0 762.0 162.0 631.0 734.0 747.0 449.0 835.0 630.0 
491.0 364.0 585.0 563.0 449.0 233.0 629.0 464.0 486.0 193.0 205.0 658.0 241.0 199.0 605.0 523.0 678.0 512.0 127.0 427.0 131.0 656.0 659.0 633.0 490.0 430.0 720.0 520.0 326.0 382.0 196.0 561.0 450.0 298.0 306.0 0.0 372.0 358.0 210.0 526.0 462.0 441.0 165.0 687.0 564.0 579.0 287.0 395.0 363.0 580.0 453.0 319.0 522.0 503.0 350.0 663.0 338.0 284.0 557.0 501.0 581.0 472.0 664.0 581.0 199.0 270.0 607.0 342.0 279.0 360.0 660.0 416.0 359.0 588.0 284.0 395.0 255.0 537.0 453.0 452.0 188.0 648.0 181.0 495.0 303.0 490.0 589.0 287.0 382.0 191.0 295.0 322.0 308.0 227.0 69.0 683.0 585.0 615.0 157.0 498.0 289.0 152.0 562.0 378.0 713.0 114.0 203.0 633.0 542.0 137.0 644.0 215.0 574.0 347.0 367.0 552.0 441.0 457.0 236.0 377.0 456.0 442.0 260.0 669.0 402.0 
735.0 535.0 264.0 242.0 410.0 427.0 263.0 671.0 567.0 508.0 500.0 754.0 261.0 547.0 455.0 166.0 421.0 217.0 439.0 774.0 328.0 750.0 586.0 783.0 612.0 719.0 355.0 748.0 650.0 500.0 523.0 349.0 95.0 486.0 666.0 372.0 0.0 476.0 233.0 669.0 343.0 502.0 511.0 377.0 558.0 527.0 587.0 623.0 300.0 365.0 286.0 636.0 666.0 697.0 501.0 326.0 698.0 647.0 691.0 291.0 689.0 258.0 393.0 235.0 569.0 636.0 259.0 591.0 125.0 729.0 729.0 769.0 492.0 233.0 639.0 678.0 478.0 742.0 481.0 503.0 192.0 278.0 491.0 209.0 426.0 261.0 226.0 558.0 600.0 275.0 663.0 610.0 541.0 481.0 440.0 350.0 289.0 268.0 246.0 325.0 456.0 469.0 323.0 714.0 831.0 359.0 550.0 299.0 330.0 506.0 752.0 576.0 632.0 636.0 422.0 480.0 320.0 190.0 548.0 410.0 109.0 191.0 477.0 760.0 224.0 
284.0 720.0 525.0 717.0 181.0 588.0 712.0 205.0 128.0 537.0 555.0 309.0 535.0 514.0 361.0 634.0 513.0 453.0 260.0 702.0 468.0 306.0 970.0 312.0 145.0 314.0 709.0 285.0 323.0 27.0 533.0 798.0 492.0 655.0 574.0 358.0 476.0 0.0 263.0 196.0 263.0 93.0 491.0 583.0 226.0 894.0 250.0 181.0 652.0 816.0 306.0 644.0 193.0 225.0 41.0 603.0 439.0 416.0 222.0 735.0 233.0 357.0 518.0 706.0 459.0 421.0 580.0 695.0 477.0 582.0 305.0 681.0 19.0 698.0 383.0 278.0 612.0 271.0 787.0 791.0 343.0 707.0 249.0 436.0 649.0 377.0 684.0 199.0 156.0 497.0 537.0 664.0 665.0 173.0 379.0 612.0 494.0 584.0 293.0 325.0 75.0 260.0 781.0 678.0 375.0 463.0 519.0 575.0 383.0 426.0 299.0 369.0 217.0 258.0 702.0 858.0 715.0 402.0 576.0 99.0 584.0 384.0 127.0 319.0 640.0 
505.0 520.0 387.0 469.0 272.0 387.0 491.0 445.0 375.0 397.0 402.0 565.0 287.0 408.0 404.0 398.0 468.0 311.0 225.0 636.0 258.0 561.0 715.0 575.0 406.0 487.0 541.0 520.0 425.0 289.0 403.0 535.0 281.0 456.0 512.0 210.0 233.0 263.0 0.0 459.0 261.0 315.0 374.0 483.0 411.0 642.0 358.0 393.0 396.0 554.0 244.0 526.0 455.0 474.0 281.0 467.0 489.0 443.0 485.0 472.0 492.0 263.0 454.0 467.0 399.0 435.0 419.0 530.0 215.0 558.0 551.0 623.0 275.0 465.0 427.0 446.0 426.0 518.0 547.0 557.0 84.0 498.0 270.0 293.0 429.0 280.0 456.0 327.0 370.0 260.0 495.0 522.0 488.0 250.0 272.0 486.0 380.0 426.0 58.0 290.0 229.0 251.0 520.0 588.0 636.0 270.0 413.0 437.0 333.0 341.0 558.0 372.0 454.0 405.0 466.0 602.0 454.0 254.0 441.0 227.0 339.0 238.0 245.0 573.0 378.0 
194.0 887.0 682.0 909.0 308.0 759.0 894.0 117.0 122.0 686.0 708.0 142.0 725.0 648.0 449.0 823.0 627.0 617.0 409.0 799.0 647.0 141.0 1161.0 116.0 60.0 283.0 870.0 167.0 364.0 171.0 676.0 994.0 676.0 823.0 680.0 526.0 669.0 196.0 459.0 0.0 404.0 181.0 632.0 718.0 238.0 1084.0 316.0 173.0 844.0 1012.0 462.0 774.0 6.0 94.0 184.0 754.0 490.0 489.0 32.0 930.0 72.0 515.0 642.0 895.0 577.0 501.0 743.0 846.0 673.0 663.0 168.0 774.0 184.0 885.0 451.0 268.0 776.0 125.0 971.0 973.0 538.0 885.0 375.0 602.0 827.0 532.0 869.0 276.0 168.0 684.0 635.0 805.0 823.0 305.0 531.0 759.0 643.0 746.0 486.0 465.0 244.0 396.0 977.0 790.0 188.0 638.0 652.0 729.0 519.0 560.0 123.0 467.0 141.0 283.0 885.0 1049.0 909.0 573.0 719.0 265.0 776.0 556.0 267.0 156.0 836.0 
542.0 777.0 279.0 561.0 97.0 645.0 513.0 457.0 283.0 653.0 661.0 447.0 525.0 657.0 144.0 464.0 253.0 219.0 429.0 877.0 517.0 442.0 920.0 505.0 345.0 575.0 467.0 537.0 568.0 273.0 658.0 692.0 309.0 715.0 749.0 462.0 343.0 263.0 261.0 404.0 0.0 225.0 625.0 322.0 226.0 855.0 492.0 443.0 613.0 707.0 64.0 780.0 403.0 467.0 303.0 350.0 669.0 634.0 416.0 633.0 397.0 115.0 256.0 533.0 631.0 633.0 341.0 790.0 412.0 779.0 411.0 861.0 281.0 517.0 607.0 538.0 686.0 512.0 782.0 797.0 329.0 496.0 449.0 205.0 680.0 131.0 495.0 444.0 418.0 508.0 723.0 780.0 748.0 389.0 514.0 357.0 240.0 343.0 318.0 64.0 301.0 445.0 663.0 836.0 529.0 530.0 662.0 326.0 121.0 579.0 451.0 572.0 320.0 513.0 707.0 810.0 651.0 185.0 697.0 164.0 435.0 172.0 354.0 449.0 559.0 
327.0 801.0 502.0 740.0 130.0 667.0 717.0 239.0 66.0 625.0 642.0 254.0 599.0 605.0 292.0 651.0 460.0 437.0 351.0 795.0 544.0 250.0 1029.0 288.0 122.0 379.0 690.0 316.0 407.0 80.0 622.0 839.0 500.0 735.0 667.0 441.0 502.0 93.0 315.0 181.0 225.0 0.0 581.0 543.0 134.0 956.0 337.0 242.0 711.0 857.0 282.0 735.0 180.0 244.0 125.0 575.0 527.0 506.0 196.0 777.0 188.0 335.0 471.0 723.0 551.0 512.0 563.0 781.0 525.0 674.0 236.0 773.0 103.0 711.0 472.0 347.0 695.0 289.0 856.0 863.0 398.0 706.0 342.0 422.0 724.0 353.0 693.0 286.0 220.0 565.0 630.0 753.0 749.0 265.0 468.0 581.0 464.0 566.0 355.0 287.0 167.0 352.0 819.0 770.0 330.0 543.0 610.0 550.0 343.0 517.0 250.0 461.0 140.0 336.0 772.0 917.0 768.0 393.0 665.0 93.0 608.0 376.0 219.0 261.0 687.0 
549.0 282.0 742.0 668.0 605.0 194.0 755.0 548.0 616.0 59.0 87.0 772.0 309.0 37.0 767.0 646.0 841.0 671.0 232.0 267.0 194.0 770.0 650.0 727.0 606.0 464.0 865.0 585.0 340.0 512.0 45.0 622.0 597.0 229.0 156.0 165.0 511.0 491.0 374.0 632.0 625.0 581.0 0.0 847.0 710.0 570.0 338.0 476.0 408.0 640.0 617.0 157.0 627.0 588.0 473.0 818.0 289.0 239.0 664.0 570.0 695.0 636.0 827.0 695.0 98.0 219.0 759.0 216.0 400.0 230.0 782.0 259.0 488.0 707.0 261.0 438.0 178.0 613.0 429.0 416.0 342.0 780.0 258.0 655.0 274.0 653.0 713.0 362.0 471.0 265.0 165.0 174.0 202.0 331.0 115.0 840.0 745.0 767.0 320.0 662.0 417.0 238.0 634.0 214.0 816.0 160.0 40.0 788.0 706.0 74.0 755.0 199.0 704.0 394.0 353.0 556.0 487.0 617.0 87.0 528.0 579.0 603.0 374.0 784.0 480.0 
864.0 911.0 114.0 463.0 414.0 798.0 345.0 779.0 597.0 858.0 856.0 735.0 636.0 883.0 292.0 372.0 119.0 177.0 700.0 1113.0 686.0 730.0 915.0 810.0 661.0 893.0 198.0 858.0 872.0 594.0 869.0 643.0 284.0 860.0 993.0 687.0 377.0 583.0 483.0 718.0 322.0 543.0 847.0 0.0 505.0 871.0 797.0 763.0 669.0 652.0 279.0 989.0 718.0 787.0 622.0 81.0 959.0 918.0 726.0 605.0 699.0 235.0 87.0 412.0 881.0 913.0 143.0 961.0 500.0 1040.0 689.0 1102.0 601.0 385.0 897.0 854.0 848.0 831.0 850.0 873.0 506.0 305.0 735.0 193.0 802.0 214.0 355.0 752.0 738.0 645.0 978.0 972.0 911.0 688.0 752.0 64.0 103.0 135.0 532.0 259.0 612.0 723.0 603.0 1060.0 816.0 712.0 887.0 91.0 201.0 822.0 745.0 849.0 613.0 826.0 797.0 822.0 670.0 231.0 901.0 484.0 395.0 246.0 660.0 733.0 577.0 
422.0 918.0 491.0 785.0 150.0 783.0 738.0 335.0 134.0 752.0 767.0 231.0 697.0 735.0 219.0 689.0 402.0 441.0 482.0 928.0 656.0 226.0 1117.0 311.0 194.0 492.0 676.0 401.0 535.0 212.0 750.0 906.0 534.0 852.0 800.0 564.0 558.0 226.0 411.0 238.0 226.0 134.0 710.0 505.0 0.0 1047.0 467.0 357.0 801.0 922.0 290.0 865.0 240.0 326.0 256.0 553.0 657.0 638.0 236.0 845.0 201.0 339.0 422.0 759.0 684.0 644.0 557.0 906.0 606.0 806.0 188.0 906.0 235.0 742.0 604.0 465.0 814.0 363.0 957.0 967.0 493.0 719.0 474.0 429.0 834.0 352.0 721.0 416.0 338.0 669.0 763.0 880.0 871.0 398.0 596.0 553.0 446.0 558.0 459.0 274.0 299.0 484.0 880.0 902.0 313.0 659.0 740.0 533.0 317.0 648.0 241.0 594.0 110.0 460.0 876.0 1005.0 850.0 411.0 793.0 190.0 657.0 397.0 352.0 230.0 763.0 
1069.0 324.0 765.0 433.0 901.0 378.0 574.0 1039.0 1015.0 518.0 490.0 1202.0 360.0 588.0 979.0 505.0 939.0 737.0 706.0 711.0 449.0 1199.0 81.0 1197.0 1038.0 1005.0 759.0 1098.0 891.0 921.0 540.0 252.0 603.0 351.0 682.0 579.0 527.0 894.0 642.0 1084.0 855.0 956.0 570.0 871.0 1047.0 0.0 864.0 971.0 247.0 254.0 806.0 564.0 1080.0 1075.0 901.0 800.0 858.0 807.0 1113.0 271.0 1127.0 784.0 907.0 488.0 668.0 788.0 731.0 438.0 445.0 768.0 1191.0 726.0 903.0 517.0 825.0 972.0 398.0 1112.0 144.0 165.0 559.0 620.0 759.0 732.0 297.0 787.0 543.0 866.0 956.0 401.0 715.0 503.0 407.0 802.0 609.0 825.0 802.0 740.0 603.0 848.0 840.0 731.0 295.0 642.0 1268.0 469.0 587.0 782.0 857.0 629.0 1193.0 757.0 1096.0 924.0 220.0 50.0 208.0 717.0 523.0 868.0 477.0 718.0 827.0 1211.0 304.0 
213.0 614.0 720.0 813.0 425.0 500.0 847.0 216.0 342.0 396.0 421.0 457.0 525.0 346.0 608.0 751.0 745.0 643.0 165.0 484.0 417.0 457.0 944.0 397.0 308.0 144.0 890.0 248.0 76.0 257.0 382.0 839.0 637.0 554.0 364.0 287.0 587.0 250.0 358.0 316.0 492.0 337.0 338.0 797.0 467.0 864.0 0.0 146.0 649.0 858.0 520.0 466.0 311.0 255.0 213.0 801.0 190.0 176.0 346.0 777.0 386.0 563.0 745.0 818.0 267.0 186.0 763.0 552.0 532.0 350.0 480.0 459.0 236.0 819.0 139.0 108.0 503.0 277.0 733.0 728.0 402.0 855.0 108.0 625.0 577.0 584.0 812.0 52.0 149.0 477.0 319.0 504.0 538.0 112.0 259.0 816.0 700.0 769.0 344.0 551.0 193.0 136.0 835.0 476.0 489.0 395.0 350.0 772.0 608.0 265.0 437.0 153.0 421.0 61.0 648.0 838.0 725.0 586.0 422.0 337.0 689.0 568.0 140.0 471.0 677.0 
113.0 744.0 702.0 861.0 358.0 622.0 873.0 73.0 224.0 532.0 556.0 313.0 618.0 487.0 532.0 786.0 692.0 629.0 269.0 628.0 524.0 313.0 1050.0 253.0 175.0 138.0 884.0 130.0 193.0 173.0 520.0 915.0 654.0 681.0 510.0 395.0 623.0 181.0 393.0 173.0 443.0 242.0 476.0 763.0 357.0 971.0 146.0 0.0 742.0 934.0 486.0 610.0 168.0 113.0 141.0 781.0 319.0 317.0 202.0 852.0 244.0 536.0 698.0 857.0 411.0 329.0 755.0 691.0 596.0 491.0 339.0 602.0 162.0 853.0 279.0 108.0 632.0 143.0 847.0 845.0 458.0 872.0 223.0 612.0 696.0 556.0 841.0 114.0 25.0 573.0 464.0 645.0 673.0 169.0 384.0 792.0 673.0 760.0 400.0 506.0 169.0 248.0 905.0 621.0 344.0 508.0 492.0 754.0 564.0 403.0 292.0 299.0 291.0 112.0 761.0 940.0 814.0 576.0 562.0 279.0 730.0 557.0 151.0 327.0 753.0 
846.0 279.0 558.0 307.0 655.0 232.0 433.0 807.0 770.0 370.0 348.0 959.0 125.0 436.0 741.0 335.0 721.0 516.0 486.0 621.0 237.0 955.0 319.0 958.0 796.0 793.0 597.0 871.0 687.0 678.0 393.0 215.0 388.0 255.0 550.0 363.0 300.0 652.0 396.0 844.0 613.0 711.0 408.0 669.0 801.0 247.0 649.0 742.0 0.0 233.0 567.0 465.0 840.0 842.0 661.0 608.0 680.0 626.0 872.0 169.0 885.0 550.0 692.0 352.0 500.0 608.0 537.0 372.0 201.0 633.0 946.0 626.0 661.0 375.0 635.0 756.0 277.0 881.0 181.0 205.0 313.0 472.0 542.0 509.0 179.0 555.0 393.0 643.0 725.0 173.0 570.0 417.0 323.0 574.0 408.0 633.0 588.0 547.0 360.0 611.0 602.0 513.0 232.0 551.0 1027.0 267.0 436.0 584.0 625.0 447.0 950.0 565.0 850.0 708.0 136.0 206.0 81.0 488.0 394.0 622.0 284.0 486.0 594.0 967.0 106.0 
1043.0 481.0 555.0 192.0 773.0 462.0 329.0 993.0 921.0 603.0 580.0 1110.0 343.0 669.0 810.0 281.0 736.0 545.0 695.0 848.0 463.0 1106.0 273.0 1128.0 958.0 1002.0 517.0 1064.0 905.0 842.0 626.0 20.0 413.0 474.0 783.0 580.0 365.0 816.0 554.0 1012.0 707.0 857.0 640.0 652.0 922.0 254.0 858.0 934.0 233.0 0.0 649.0 692.0 1009.0 1025.0 834.0 575.0 908.0 854.0 1037.0 83.0 1041.0 615.0 701.0 246.0 731.0 837.0 509.0 588.0 341.0 866.0 1089.0 856.0 829.0 275.0 860.0 963.0 505.0 1067.0 317.0 348.0 479.0 376.0 752.0 545.0 399.0 612.0 304.0 846.0 914.0 392.0 803.0 640.0 542.0 772.0 633.0 599.0 599.0 517.0 536.0 684.0 779.0 724.0 50.0 778.0 1185.0 495.0 669.0 561.0 678.0 677.0 1106.0 790.0 991.0 916.0 333.0 210.0 156.0 540.0 625.0 764.0 279.0 547.0 783.0 1117.0 182.0 
590.0 748.0 221.0 498.0 157.0 618.0 449.0 507.0 343.0 640.0 645.0 510.0 487.0 650.0 176.0 401.0 232.0 157.0 438.0 875.0 492.0 505.0 868.0 565.0 403.0 614.0 409.0 587.0 596.0 320.0 647.0 634.0 246.0 687.0 749.0 453.0 286.0 306.0 244.0 462.0 64.0 282.0 617.0 279.0 290.0 806.0 520.0 486.0 567.0 649.0 0.0 770.0 461.0 520.0 345.0 297.0 689.0 650.0 475.0 577.0 458.0 54.0 226.0 470.0 633.0 647.0 282.0 769.0 366.0 787.0 475.0 861.0 325.0 453.0 626.0 576.0 662.0 565.0 740.0 756.0 300.0 432.0 465.0 142.0 647.0 72.0 431.0 474.0 461.0 475.0 727.0 765.0 725.0 413.0 510.0 306.0 188.0 285.0 301.0 48.0 333.0 457.0 604.0 830.0 592.0 509.0 655.0 271.0 92.0 578.0 514.0 585.0 383.0 547.0 668.0 760.0 600.0 121.0 684.0 209.0 375.0 108.0 382.0 512.0 507.0 
668.0 241.0 881.0 757.0 762.0 236.0 861.0 681.0 767.0 132.0 136.0 915.0 399.0 131.0 923.0 753.0 991.0 813.0 384.0 157.0 308.0 914.0 638.0 862.0 753.0 573.0 989.0 708.0 448.0 664.0 123.0 676.0 727.0 221.0 134.0 319.0 636.0 644.0 526.0 774.0 780.0 735.0 157.0 989.0 865.0 564.0 466.0 610.0 465.0 692.0 770.0 0.0 769.0 721.0 624.0 954.0 359.0 323.0 805.0 634.0 840.0 786.0 974.0 793.0 199.0 304.0 891.0 130.0 516.0 215.0 929.0 165.0 640.0 809.0 357.0 554.0 189.0 741.0 422.0 400.0 484.0 891.0 403.0 797.0 295.0 802.0 819.0 499.0 608.0 367.0 181.0 63.0 158.0 479.0 271.0 976.0 888.0 900.0 470.0 815.0 570.0 387.0 697.0 86.0 954.0 279.0 126.0 924.0 858.0 219.0 897.0 314.0 854.0 516.0 367.0 562.0 538.0 761.0 89.0 684.0 687.0 748.0 524.0 928.0 557.0 
191.0 882.0 681.0 907.0 307.0 754.0 892.0 112.0 122.0 681.0 703.0 147.0 720.0 643.0 450.0 821.0 627.0 616.0 404.0 794.0 643.0 146.0 1157.0 120.0 59.0 279.0 869.0 164.0 359.0 168.0 671.0 990.0 674.0 818.0 675.0 522.0 666.0 193.0 455.0 6.0 403.0 180.0 627.0 718.0 240.0 1080.0 311.0 168.0 840.0 1009.0 461.0 769.0 0.0 90.0 180.0 753.0 486.0 484.0 37.0 927.0 77.0 514.0 642.0 893.0 571.0 496.0 742.0 841.0 670.0 658.0 173.0 769.0 181.0 883.0 446.0 264.0 772.0 123.0 966.0 969.0 534.0 884.0 370.0 600.0 822.0 532.0 867.0 271.0 163.0 680.0 630.0 800.0 818.0 300.0 526.0 758.0 642.0 745.0 482.0 465.0 240.0 391.0 974.0 785.0 192.0 633.0 647.0 729.0 519.0 555.0 128.0 462.0 144.0 278.0 880.0 1045.0 905.0 571.0 714.0 263.0 774.0 554.0 262.0 161.0 832.0 
101.0 855.0 741.0 938.0 373.0 732.0 936.0 40.0 199.0 644.0 668.0 217.0 719.0 599.0 529.0 857.0 702.0 672.0 378.0 732.0 630.0 218.0 1154.0 142.0 133.0 195.0 927.0 76.0 290.0 205.0 632.0 1006.0 716.0 792.0 617.0 503.0 697.0 225.0 474.0 94.0 467.0 244.0 588.0 787.0 326.0 1075.0 255.0 113.0 842.0 1025.0 520.0 721.0 90.0 0.0 196.0 816.0 414.0 420.0 114.0 943.0 161.0 572.0 715.0 929.0 522.0 434.0 799.0 803.0 685.0 592.0 254.0 705.0 208.0 922.0 381.0 187.0 744.0 47.0 954.0 954.0 547.0 931.0 334.0 656.0 805.0 591.0 908.0 226.0 122.0 675.0 570.0 757.0 785.0 276.0 495.0 823.0 706.0 803.0 491.0 530.0 246.0 359.0 993.0 729.0 236.0 616.0 603.0 790.0 586.0 515.0 194.0 408.0 234.0 211.0 868.0 1043.0 911.0 624.0 674.0 313.0 805.0 606.0 249.0 231.0 845.0 
247.0 713.0 562.0 742.0 221.0 582.0 742.0 172.0 143.0 522.0 542.0 309.0 541.0 494.0 401.0 662.0 553.0 490.0 243.0 675.0 467.0 306.0 978.0 298.0 141.0 273.0 745.0 252.0 285.0 45.0 516.0 815.0 523.0 648.0 548.0 350.0 501.0 41.0 281.0 184.0 303.0 125.0 473.0 622.0 256.0 901.0 213.0 141.0 661.0 834.0 345.0 624.0 180.0 196.0 0.0 641.0 403.0 383.0 213.0 752.0 232.0 395.0 559.0 734.0 435.0 389.0 616.0 681.0 494.0 551.0 312.0 653.0 24.0 727.0 348.0 237.0 603.0 241.0 789.0 792.0 357.0 740.0 224.0 472.0 647.0 415.0 713.0 162.0 116.0 501.0 509.0 647.0 654.0 147.0 364.0 651.0 532.0 621.0 303.0 365.0 62.0 238.0 800.0 654.0 369.0 459.0 499.0 613.0 424.0 406.0 296.0 339.0 231.0 218.0 703.0 866.0 726.0 438.0 559.0 139.0 610.0 419.0 101.0 320.0 656.0 
886.0 860.0 82.0 385.0 446.0 752.0 264.0 804.0 633.0 823.0 819.0 783.0 586.0 854.0 350.0 298.0 193.0 159.0 690.0 1084.0 647.0 778.0 841.0 852.0 695.0 906.0 127.0 884.0 875.0 617.0 836.0 567.0 231.0 811.0 968.0 663.0 326.0 603.0 467.0 754.0 350.0 575.0 818.0 81.0 553.0 800.0 801.0 781.0 608.0 575.0 297.0 954.0 753.0 816.0 641.0 0.0 953.0 909.0 764.0 532.0 742.0 246.0 158.0 333.0 860.0 902.0 71.0 916.0 451.0 1021.0 740.0 1075.0 621.0 305.0 891.0 867.0 803.0 861.0 787.0 812.0 477.0 224.0 730.0 177.0 750.0 226.0 276.0 759.0 756.0 600.0 957.0 932.0 866.0 690.0 730.0 26.0 111.0 62.0 510.0 289.0 623.0 715.0 526.0 1028.0 865.0 675.0 858.0 31.0 238.0 799.0 791.0 839.0 658.0 835.0 739.0 751.0 602.0 217.0 865.0 506.0 327.0 235.0 666.0 783.0 511.0 
337.0 563.0 872.0 900.0 609.0 481.0 960.0 379.0 530.0 344.0 372.0 629.0 565.0 276.0 791.0 856.0 918.0 795.0 265.0 326.0 446.0 629.0 938.0 552.0 492.0 233.0 1030.0 379.0 127.0 447.0 323.0 889.0 765.0 515.0 231.0 338.0 698.0 439.0 489.0 490.0 669.0 527.0 289.0 959.0 657.0 858.0 190.0 319.0 680.0 908.0 689.0 359.0 486.0 414.0 403.0 953.0 0.0 55.0 519.0 832.0 562.0 726.0 914.0 916.0 191.0 72.0 907.0 474.0 616.0 182.0 657.0 298.0 425.0 922.0 63.0 229.0 465.0 420.0 717.0 704.0 506.0 975.0 225.0 777.0 562.0 746.0 921.0 241.0 330.0 517.0 181.0 412.0 478.0 280.0 277.0 970.0 858.0 915.0 456.0 724.0 376.0 239.0 894.0 338.0 647.0 414.0 278.0 923.0 779.0 234.0 607.0 123.0 607.0 208.0 640.0 842.0 760.0 737.0 351.0 520.0 789.0 719.0 320.0 643.0 734.0 
353.0 517.0 828.0 847.0 580.0 430.0 908.0 382.0 517.0 295.0 324.0 629.0 512.0 229.0 761.0 804.0 881.0 751.0 219.0 313.0 392.0 629.0 887.0 560.0 484.0 252.0 982.0 394.0 132.0 427.0 275.0 835.0 716.0 467.0 203.0 284.0 647.0 416.0 443.0 489.0 634.0 506.0 239.0 918.0 638.0 807.0 176.0 317.0 626.0 854.0 650.0 323.0 484.0 420.0 383.0 909.0 55.0 0.0 519.0 778.0 560.0 686.0 876.0 864.0 142.0 21.0 861.0 432.0 563.0 175.0 655.0 286.0 404.0 870.0 39.0 240.0 416.0 431.0 667.0 655.0 456.0 924.0 186.0 733.0 511.0 706.0 869.0 224.0 324.0 463.0 154.0 373.0 432.0 250.0 223.0 926.0 816.0 869.0 408.0 687.0 349.0 195.0 840.0 314.0 655.0 360.0 232.0 878.0 742.0 181.0 608.0 72.0 597.0 209.0 588.0 790.0 706.0 693.0 306.0 491.0 737.0 676.0 293.0 643.0 680.0 
213.0 918.0 694.0 931.0 320.0 790.0 912.0 142.0 133.0 717.0 739.0 112.0 753.0 679.0 451.0 844.0 631.0 631.0 440.0 830.0 677.0 111.0 1189.0 93.0 80.0 307.0 882.0 182.0 393.0 196.0 708.0 1019.0 695.0 854.0 710.0 557.0 691.0 222.0 485.0 32.0 416.0 196.0 664.0 726.0 236.0 1113.0 346.0 202.0 872.0 1037.0 475.0 805.0 37.0 114.0 213.0 764.0 519.0 519.0 0.0 956.0 48.0 528.0 648.0 916.0 608.0 531.0 756.0 877.0 699.0 692.0 141.0 804.0 212.0 905.0 480.0 295.0 807.0 137.0 1000.0 1003.0 565.0 902.0 406.0 616.0 857.0 545.0 888.0 307.0 199.0 713.0 665.0 836.0 854.0 336.0 562.0 768.0 654.0 758.0 513.0 476.0 274.0 427.0 1002.0 821.0 157.0 668.0 684.0 741.0 528.0 592.0 92.0 498.0 131.0 311.0 915.0 1077.0 936.0 589.0 750.0 284.0 798.0 572.0 298.0 125.0 862.0 
961.0 438.0 502.0 167.0 696.0 400.0 307.0 911.0 840.0 537.0 515.0 1030.0 267.0 600.0 742.0 235.0 680.0 483.0 614.0 790.0 387.0 1026.0 311.0 1046.0 877.0 920.0 489.0 982.0 825.0 760.0 559.0 64.0 349.0 422.0 717.0 501.0 291.0 735.0 472.0 930.0 633.0 777.0 570.0 605.0 845.0 271.0 777.0 852.0 169.0 83.0 577.0 634.0 927.0 943.0 752.0 532.0 832.0 778.0 956.0 0.0 960.0 546.0 647.0 221.0 659.0 761.0 463.0 538.0 259.0 798.0 1009.0 795.0 747.0 248.0 783.0 881.0 446.0 985.0 294.0 324.0 396.0 352.0 671.0 481.0 345.0 545.0 274.0 764.0 832.0 316.0 734.0 585.0 490.0 690.0 556.0 556.0 542.0 472.0 453.0 614.0 697.0 643.0 64.0 720.0 1104.0 420.0 601.0 515.0 612.0 602.0 1025.0 713.0 912.0 835.0 288.0 222.0 104.0 473.0 562.0 684.0 216.0 478.0 701.0 1037.0 101.0 
261.0 944.0 674.0 927.0 302.0 813.0 901.0 188.0 122.0 747.0 768.0 78.0 767.0 712.0 419.0 837.0 601.0 615.0 468.0 869.0 698.0 76.0 1203.0 111.0 92.0 354.0 862.0 229.0 435.0 207.0 739.0 1023.0 686.0 879.0 748.0 581.0 689.0 233.0 492.0 72.0 397.0 188.0 695.0 699.0 201.0 1127.0 386.0 244.0 885.0 1041.0 458.0 840.0 77.0 161.0 232.0 742.0 562.0 560.0 48.0 960.0 0.0 511.0 619.0 909.0 643.0 571.0 738.0 907.0 705.0 734.0 96.0 844.0 226.0 897.0 522.0 340.0 833.0 183.0 1019.0 1023.0 574.0 889.0 438.0 600.0 878.0 527.0 879.0 344.0 237.0 729.0 704.0 869.0 882.0 365.0 590.0 745.0 632.0 740.0 525.0 455.0 293.0 458.0 1004.0 859.0 144.0 690.0 717.0 719.0 505.0 624.0 66.0 535.0 92.0 354.0 933.0 1090.0 946.0 575.0 782.0 280.0 795.0 559.0 324.0 90.0 869.0 
641.0 747.0 169.0 456.0 209.0 621.0 399.0 559.0 396.0 655.0 658.0 562.0 480.0 670.0 197.0 357.0 206.0 104.0 470.0 898.0 498.0 557.0 843.0 618.0 456.0 662.0 356.0 639.0 638.0 371.0 663.0 600.0 205.0 688.0 774.0 472.0 258.0 357.0 263.0 515.0 115.0 335.0 636.0 235.0 339.0 784.0 563.0 536.0 550.0 615.0 54.0 786.0 514.0 572.0 395.0 246.0 726.0 686.0 528.0 546.0 511.0 0.0 193.0 425.0 659.0 682.0 229.0 777.0 352.0 815.0 525.0 885.0 376.0 407.0 664.0 623.0 667.0 618.0 727.0 745.0 306.0 381.0 502.0 91.0 644.0 21.0 383.0 518.0 511.0 473.0 755.0 777.0 731.0 454.0 533.0 257.0 139.0 232.0 317.0 71.0 379.0 491.0 569.0 850.0 644.0 518.0 675.0 219.0 77.0 602.0 566.0 619.0 435.0 593.0 658.0 737.0 577.0 76.0 699.0 261.0 337.0 68.0 426.0 564.0 482.0 
795.0 917.0 147.0 517.0 344.0 797.0 412.0 709.0 521.0 843.0 844.0 652.0 644.0 861.0 207.0 421.0 37.0 177.0 661.0 1090.0 679.0 647.0 956.0 730.0 586.0 831.0 282.0 787.0 820.0 527.0 852.0 691.0 306.0 862.0 966.0 664.0 393.0 518.0 454.0 642.0 256.0 471.0 827.0 87.0 422.0 907.0 745.0 698.0 692.0 701.0 226.0 974.0 642.0 715.0 559.0 158.0 914.0 876.0 648.0 647.0 619.0 193.0 0.0 471.0 852.0 872.0 202.0 957.0 508.0 1008.0 605.0 1077.0 537.0 445.0 852.0 794.0 845.0 758.0 873.0 894.0 491.0 376.0 691.0 187.0 810.0 175.0 416.0 697.0 674.0 646.0 947.0 962.0 909.0 638.0 725.0 147.0 106.0 196.0 507.0 195.0 555.0 682.0 652.0 1040.0 733.0 702.0 866.0 154.0 137.0 794.0 662.0 810.0 531.0 768.0 813.0 859.0 702.0 218.0 886.0 420.0 432.0 228.0 606.0 650.0 607.0 
970.0 631.0 326.0 56.0 616.0 561.0 87.0 904.0 788.0 677.0 661.0 970.0 395.0 729.0 609.0 73.0 506.0 335.0 665.0 943.0 502.0 965.0 518.0 1008.0 837.0 953.0 272.0 982.0 879.0 729.0 696.0 242.0 226.0 600.0 850.0 581.0 235.0 706.0 467.0 895.0 533.0 723.0 695.0 412.0 759.0 488.0 818.0 857.0 352.0 246.0 470.0 793.0 893.0 929.0 734.0 333.0 916.0 864.0 916.0 221.0 909.0 425.0 471.0 0.0 769.0 850.0 272.0 717.0 302.0 923.0 939.0 943.0 723.0 30.0 860.0 912.0 612.0 974.0 509.0 538.0 418.0 132.0 720.0 341.0 526.0 417.0 59.0 792.0 834.0 432.0 857.0 753.0 666.0 715.0 646.0 356.0 374.0 279.0 475.0 495.0 690.0 695.0 199.0 877.0 1050.0 536.0 732.0 323.0 474.0 707.0 970.0 793.0 845.0 869.0 487.0 440.0 314.0 350.0 711.0 632.0 130.0 362.0 712.0 974.0 247.0 
471.0 375.0 782.0 746.0 596.0 292.0 823.0 482.0 577.0 153.0 182.0 718.0 393.0 88.0 769.0 715.0 863.0 707.0 207.0 248.0 274.0 717.0 748.0 663.0 558.0 380.0 919.0 510.0 255.0 477.0 133.0 713.0 649.0 325.0 119.0 199.0 569.0 459.0 399.0 577.0 631.0 551.0 98.0 881.0 684.0 668.0 267.0 411.0 500.0 731.0 633.0 199.0 571.0 522.0 435.0 860.0 191.0 142.0 608.0 659.0 643.0 659.0 852.0 769.0 0.0 122.0 805.0 295.0 468.0 161.0 735.0 230.0 453.0 779.0 168.0 358.0 274.0 542.0 527.0 514.0 386.0 844.0 212.0 690.0 372.0 678.0 782.0 301.0 410.0 347.0 97.0 240.0 291.0 289.0 132.0 880.0 778.0 814.0 351.0 675.0 385.0 201.0 722.0 219.0 755.0 240.0 91.0 830.0 724.0 63.0 699.0 116.0 664.0 318.0 450.0 653.0 580.0 651.0 166.0 513.0 647.0 636.0 335.0 731.0 565.0 
369.0 497.0 821.0 833.0 581.0 410.0 896.0 396.0 525.0 275.0 304.0 642.0 495.0 209.0 762.0 791.0 878.0 745.0 213.0 299.0 375.0 642.0 868.0 575.0 494.0 270.0 973.0 410.0 148.0 433.0 255.0 818.0 706.0 446.0 186.0 270.0 636.0 421.0 435.0 501.0 633.0 512.0 219.0 913.0 644.0 788.0 186.0 329.0 608.0 837.0 647.0 304.0 496.0 434.0 389.0 902.0 72.0 21.0 531.0 761.0 571.0 682.0 872.0 850.0 122.0 0.0 853.0 412.0 549.0 164.0 666.0 273.0 410.0 857.0 54.0 256.0 396.0 447.0 647.0 635.0 445.0 913.0 184.0 726.0 491.0 701.0 857.0 233.0 335.0 446.0 137.0 353.0 412.0 252.0 208.0 920.0 810.0 861.0 398.0 685.0 352.0 191.0 823.0 297.0 669.0 343.0 211.0 871.0 739.0 162.0 621.0 64.0 606.0 224.0 569.0 771.0 688.0 687.0 286.0 493.0 724.0 670.0 296.0 656.0 664.0 
863.0 791.0 68.0 321.0 437.0 686.0 211.0 783.0 623.0 761.0 756.0 785.0 518.0 795.0 370.0 230.0 238.0 127.0 643.0 1024.0 584.0 780.0 773.0 846.0 684.0 875.0 130.0 864.0 835.0 596.0 775.0 501.0 165.0 743.0 910.0 607.0 259.0 580.0 419.0 743.0 341.0 563.0 759.0 143.0 557.0 731.0 763.0 755.0 537.0 509.0 282.0 891.0 742.0 799.0 616.0 71.0 907.0 861.0 756.0 463.0 738.0 229.0 202.0 272.0 805.0 853.0 0.0 850.0 383.0 966.0 745.0 1017.0 598.0 245.0 845.0 835.0 737.0 845.0 716.0 741.0 420.0 177.0 686.0 144.0 681.0 211.0 215.0 723.0 730.0 534.0 901.0 867.0 799.0 652.0 674.0 96.0 117.0 10.0 458.0 285.0 592.0 669.0 460.0 966.0 867.0 613.0 798.0 52.0 243.0 743.0 791.0 790.0 658.0 800.0 668.0 682.0 532.0 180.0 803.0 486.0 257.0 198.0 632.0 786.0 440.0 
762.0 115.0 849.0 676.0 788.0 165.0 792.0 763.0 822.0 161.0 140.0 984.0 335.0 209.0 934.0 686.0 978.0 787.0 440.0 274.0 280.0 982.0 511.0 942.0 817.0 673.0 936.0 799.0 548.0 717.0 171.0 573.0 686.0 118.0 260.0 342.0 591.0 695.0 530.0 846.0 790.0 781.0 216.0 961.0 906.0 438.0 552.0 691.0 372.0 588.0 769.0 130.0 841.0 803.0 681.0 916.0 474.0 432.0 877.0 538.0 907.0 777.0 957.0 717.0 295.0 412.0 850.0 0.0 467.0 344.0 992.0 289.0 694.0 736.0 462.0 650.0 114.0 828.0 299.0 274.0 471.0 826.0 472.0 774.0 194.0 791.0 750.0 577.0 685.0 317.0 303.0 68.0 52.0 542.0 318.0 940.0 864.0 859.0 473.0 816.0 623.0 450.0 598.0 205.0 1030.0 261.0 205.0 889.0 852.0 289.0 968.0 408.0 910.0 608.0 256.0 441.0 437.0 740.0 131.0 719.0 625.0 730.0 584.0 996.0 473.0 
706.0 412.0 387.0 285.0 458.0 303.0 356.0 654.0 587.0 390.0 380.0 777.0 137.0 436.0 541.0 247.0 534.0 333.0 372.0 658.0 210.0 773.0 512.0 789.0 620.0 673.0 474.0 725.0 588.0 503.0 407.0 322.0 220.0 361.0 556.0 279.0 125.0 477.0 215.0 673.0 412.0 525.0 400.0 500.0 606.0 445.0 532.0 596.0 201.0 341.0 366.0 516.0 670.0 685.0 494.0 451.0 616.0 563.0 699.0 259.0 705.0 352.0 508.0 302.0 468.0 549.0 383.0 467.0 0.0 625.0 759.0 655.0 489.0 311.0 560.0 633.0 354.0 727.0 375.0 393.0 139.0 380.0 429.0 322.0 303.0 360.0 314.0 513.0 576.0 152.0 558.0 487.0 416.0 437.0 345.0 475.0 408.0 393.0 197.0 411.0 439.0 403.0 310.0 596.0 849.0 243.0 439.0 423.0 428.0 406.0 771.0 493.0 662.0 587.0 308.0 401.0 246.0 296.0 429.0 433.0 180.0 291.0 445.0 784.0 164.0 
519.0 450.0 942.0 897.0 736.0 407.0 980.0 555.0 688.0 263.0 288.0 803.0 538.0 198.0 913.0 872.0 1017.0 867.0 351.0 144.0 423.0 803.0 845.0 731.0 657.0 415.0 1079.0 560.0 302.0 595.0 241.0 848.0 810.0 418.0 87.0 360.0 729.0 582.0 558.0 663.0 779.0 674.0 230.0 1040.0 806.0 768.0 350.0 491.0 633.0 866.0 787.0 215.0 658.0 592.0 551.0 1021.0 182.0 175.0 692.0 798.0 734.0 815.0 1008.0 923.0 161.0 164.0 966.0 344.0 625.0 0.0 829.0 116.0 572.0 934.0 213.0 408.0 374.0 601.0 625.0 605.0 547.0 1003.0 337.0 850.0 482.0 834.0 939.0 397.0 498.0 494.0 67.0 277.0 364.0 411.0 292.0 1041.0 937.0 975.0 511.0 827.0 511.0 336.0 862.0 167.0 826.0 389.0 197.0 990.0 878.0 224.0 782.0 214.0 770.0 382.0 560.0 761.0 711.0 810.0 248.0 649.0 804.0 795.0 456.0 817.0 709.0 
352.0 1023.0 679.0 962.0 324.0 891.0 923.0 283.0 178.0 833.0 853.0 55.0 833.0 801.0 399.0 868.0 582.0 627.0 553.0 963.0 772.0 50.0 1265.0 162.0 177.0 448.0 864.0 317.0 531.0 280.0 826.0 1071.0 714.0 958.0 841.0 660.0 729.0 305.0 551.0 168.0 411.0 236.0 782.0 689.0 188.0 1191.0 480.0 339.0 946.0 1089.0 475.0 929.0 173.0 254.0 312.0 740.0 657.0 655.0 141.0 1009.0 96.0 525.0 605.0 939.0 735.0 666.0 745.0 992.0 759.0 829.0 0.0 938.0 302.0 925.0 617.0 435.0 914.0 270.0 1089.0 1094.0 634.0 906.0 527.0 615.0 953.0 539.0 904.0 437.0 332.0 798.0 798.0 956.0 965.0 452.0 675.0 740.0 633.0 746.0 590.0 461.0 372.0 545.0 1049.0 951.0 129.0 767.0 806.0 721.0 504.0 713.0 76.0 628.0 98.0 450.0 1004.0 1152.0 1003.0 595.0 869.0 327.0 832.0 580.0 409.0 47.0 922.0 
634.0 403.0 999.0 911.0 825.0 395.0 1007.0 668.0 793.0 267.0 283.0 915.0 549.0 223.0 999.0 898.0 1090.0 927.0 436.0 29.0 446.0 914.0 799.0 845.0 766.0 530.0 1123.0 675.0 416.0 696.0 249.0 839.0 856.0 386.0 112.0 416.0 769.0 681.0 623.0 774.0 861.0 773.0 259.0 1102.0 906.0 726.0 459.0 602.0 626.0 856.0 861.0 165.0 769.0 705.0 653.0 1075.0 298.0 286.0 804.0 795.0 844.0 885.0 1077.0 943.0 230.0 273.0 1017.0 289.0 655.0 116.0 938.0 0.0 672.0 958.0 325.0 523.0 352.0 715.0 585.0 562.0 599.0 1034.0 433.0 910.0 459.0 903.0 966.0 504.0 608.0 512.0 144.0 224.0 322.0 509.0 352.0 1097.0 1000.0 1025.0 572.0 904.0 608.0 427.0 858.0 85.0 940.0 413.0 219.0 1045.0 952.0 284.0 894.0 314.0 876.0 495.0 532.0 726.0 701.0 872.0 235.0 741.0 832.0 857.0 555.0 929.0 714.0 
265.0 722.0 543.0 733.0 199.0 591.0 729.0 187.0 128.0 536.0 554.0 303.0 543.0 510.0 378.0 651.0 531.0 472.0 257.0 694.0 473.0 300.0 979.0 300.0 136.0 295.0 728.0 267.0 308.0 25.0 530.0 810.0 509.0 657.0 567.0 359.0 492.0 19.0 275.0 184.0 281.0 103.0 488.0 601.0 235.0 903.0 236.0 162.0 661.0 829.0 325.0 640.0 181.0 208.0 24.0 621.0 425.0 404.0 212.0 747.0 226.0 376.0 537.0 723.0 453.0 410.0 598.0 694.0 489.0 572.0 302.0 672.0 0.0 715.0 370.0 260.0 613.0 253.0 793.0 797.0 354.0 725.0 242.0 455.0 653.0 396.0 701.0 185.0 137.0 504.0 529.0 661.0 665.0 165.0 377.0 631.0 513.0 603.0 302.0 344.0 72.0 254.0 795.0 672.0 366.0 467.0 515.0 594.0 402.0 421.0 291.0 359.0 217.0 241.0 708.0 867.0 725.0 421.0 573.0 118.0 600.0 402.0 119.0 313.0 652.0 
965.0 652.0 300.0 85.0 602.0 579.0 60.0 898.0 776.0 691.0 677.0 956.0 411.0 742.0 588.0 68.0 481.0 314.0 668.0 958.0 514.0 952.0 547.0 998.0 827.0 951.0 243.0 976.0 881.0 721.0 710.0 271.0 212.0 620.0 863.0 588.0 233.0 698.0 465.0 885.0 517.0 711.0 707.0 385.0 742.0 517.0 819.0 853.0 375.0 275.0 453.0 809.0 883.0 922.0 727.0 305.0 922.0 870.0 905.0 248.0 897.0 407.0 445.0 30.0 779.0 857.0 245.0 736.0 311.0 934.0 925.0 958.0 715.0 0.0 864.0 910.0 630.0 967.0 535.0 564.0 420.0 104.0 722.0 321.0 547.0 397.0 30.0 790.0 829.0 446.0 868.0 771.0 685.0 713.0 654.0 328.0 349.0 251.0 476.0 476.0 685.0 698.0 228.0 893.0 1037.0 548.0 745.0 296.0 453.0 716.0 957.0 799.0 831.0 868.0 510.0 469.0 340.0 332.0 726.0 622.0 133.0 346.0 709.0 960.0 269.0 
316.0 542.0 809.0 845.0 550.0 448.0 901.0 344.0 480.0 319.0 347.0 591.0 518.0 255.0 732.0 798.0 856.0 732.0 203.0 351.0 399.0 591.0 905.0 522.0 446.0 217.0 968.0 356.0 94.0 392.0 300.0 841.0 704.0 489.0 239.0 284.0 639.0 383.0 427.0 451.0 607.0 472.0 261.0 897.0 604.0 825.0 139.0 279.0 635.0 860.0 626.0 357.0 446.0 381.0 348.0 891.0 63.0 39.0 480.0 783.0 522.0 664.0 852.0 860.0 168.0 54.0 845.0 462.0 560.0 213.0 617.0 325.0 370.0 864.0 0.0 202.0 438.0 394.0 686.0 675.0 447.0 915.0 162.0 714.0 529.0 684.0 862.0 188.0 286.0 469.0 191.0 404.0 459.0 220.0 228.0 907.0 796.0 852.0 396.0 662.0 317.0 176.0 845.0 351.0 617.0 369.0 258.0 860.0 717.0 197.0 570.0 71.0 560.0 171.0 606.0 806.0 715.0 674.0 333.0 461.0 732.0 657.0 261.0 605.0 685.0 
115.0 717.0 786.0 909.0 458.0 606.0 935.0 153.0 332.0 496.0 523.0 402.0 632.0 442.0 636.0 843.0 789.0 711.0 271.0 550.0 525.0 403.0 1052.0 324.0 281.0 42.0 964.0 155.0 108.0 274.0 481.0 944.0 720.0 658.0 441.0 395.0 678.0 278.0 446.0 268.0 538.0 347.0 438.0 854.0 465.0 972.0 108.0 108.0 756.0 963.0 576.0 554.0 264.0 187.0 237.0 867.0 229.0 240.0 295.0 881.0 340.0 623.0 794.0 912.0 358.0 256.0 835.0 650.0 633.0 408.0 435.0 523.0 260.0 910.0 202.0 0.0 607.0 193.0 840.0 834.0 499.0 940.0 215.0 693.0 684.0 643.0 901.0 121.0 128.0 584.0 393.0 597.0 639.0 198.0 366.0 879.0 761.0 840.0 440.0 600.0 244.0 243.0 938.0 553.0 419.0 503.0 446.0 838.0 658.0 365.0 380.0 243.0 396.0 48.0 755.0 946.0 832.0 656.0 519.0 375.0 783.0 637.0 205.0 417.0 781.0 
715.0 112.0 736.0 574.0 690.0 53.0 684.0 704.0 740.0 121.0 93.0 911.0 224.0 191.0 829.0 577.0 867.0 675.0 369.0 345.0 170.0 908.0 477.0 879.0 742.0 636.0 824.0 750.0 514.0 636.0 143.0 488.0 572.0 52.0 288.0 255.0 478.0 612.0 426.0 776.0 686.0 695.0 178.0 848.0 814.0 398.0 503.0 632.0 277.0 505.0 662.0 189.0 772.0 744.0 603.0 803.0 465.0 416.0 807.0 446.0 833.0 667.0 845.0 612.0 274.0 396.0 737.0 114.0 354.0 374.0 914.0 352.0 613.0 630.0 438.0 607.0 0.0 773.0 255.0 240.0 362.0 717.0 410.0 661.0 109.0 680.0 643.0 519.0 623.0 204.0 318.0 142.0 65.0 473.0 249.0 827.0 751.0 746.0 369.0 708.0 543.0 385.0 509.0 275.0 963.0 157.0 190.0 775.0 743.0 245.0 896.0 374.0 828.0 562.0 187.0 389.0 350.0 628.0 127.0 625.0 515.0 619.0 510.0 922.0 372.0 
87.0 885.0 786.0 983.0 418.0 764.0 982.0 75.0 240.0 670.0 695.0 227.0 758.0 622.0 570.0 903.0 745.0 718.0 411.0 742.0 666.0 228.0 1191.0 133.0 174.0 192.0 973.0 48.0 300.0 251.0 657.0 1048.0 762.0 823.0 632.0 537.0 742.0 271.0 518.0 125.0 512.0 289.0 613.0 831.0 363.0 1112.0 277.0 143.0 881.0 1067.0 565.0 741.0 123.0 47.0 241.0 861.0 420.0 431.0 137.0 985.0 183.0 618.0 758.0 974.0 542.0 447.0 845.0 828.0 727.0 601.0 270.0 715.0 253.0 967.0 394.0 193.0 773.0 0.0 989.0 988.0 589.0 977.0 364.0 702.0 838.0 637.0 953.0 254.0 157.0 713.0 584.0 780.0 812.0 311.0 525.0 868.0 751.0 848.0 532.0 575.0 290.0 390.0 1036.0 744.0 229.0 650.0 626.0 836.0 631.0 540.0 203.0 427.0 265.0 225.0 903.0 1081.0 951.0 670.0 698.0 359.0 850.0 652.0 288.0 241.0 887.0 
942.0 184.0 738.0 458.0 815.0 238.0 594.0 917.0 911.0 375.0 347.0 1095.0 261.0 445.0 915.0 505.0 902.0 697.0 580.0 572.0 325.0 1092.0 222.0 1081.0 928.0 872.0 768.0 972.0 755.0 813.0 398.0 307.0 569.0 208.0 538.0 453.0 481.0 787.0 547.0 971.0 782.0 856.0 429.0 850.0 957.0 144.0 733.0 847.0 181.0 317.0 740.0 422.0 966.0 954.0 789.0 787.0 717.0 667.0 1000.0 294.0 1019.0 727.0 873.0 509.0 527.0 647.0 716.0 299.0 375.0 625.0 1089.0 585.0 793.0 535.0 686.0 840.0 255.0 989.0 0.0 32.0 465.0 636.0 630.0 689.0 157.0 733.0 557.0 739.0 834.0 291.0 571.0 362.0 265.0 679.0 475.0 812.0 769.0 725.0 501.0 785.0 727.0 603.0 342.0 502.0 1157.0 340.0 444.0 764.0 802.0 490.0 1084.0 619.0 995.0 793.0 87.0 142.0 196.0 667.0 379.0 772.0 461.0 664.0 708.0 1105.0 277.0 
938.0 160.0 762.0 487.0 827.0 229.0 623.0 916.0 917.0 361.0 333.0 1099.0 273.0 431.0 932.0 532.0 923.0 719.0 577.0 548.0 326.0 1096.0 240.0 1082.0 932.0 866.0 795.0 969.0 747.0 817.0 383.0 338.0 591.0 191.0 519.0 452.0 503.0 791.0 557.0 973.0 797.0 863.0 416.0 873.0 967.0 165.0 728.0 845.0 205.0 348.0 756.0 400.0 969.0 954.0 792.0 812.0 704.0 655.0 1003.0 324.0 1023.0 745.0 894.0 538.0 514.0 635.0 741.0 274.0 393.0 605.0 1094.0 562.0 797.0 564.0 675.0 834.0 240.0 988.0 32.0 0.0 476.0 665.0 627.0 710.0 151.0 752.0 585.0 736.0 833.0 299.0 554.0 339.0 243.0 679.0 469.0 837.0 791.0 750.0 509.0 802.0 730.0 599.0 373.0 478.0 1160.0 339.0 429.0 788.0 821.0 480.0 1088.0 609.0 1002.0 788.0 92.0 169.0 225.0 687.0 362.0 781.0 487.0 683.0 709.0 1109.0 304.0 
569.0 449.0 400.0 412.0 351.0 319.0 455.0 515.0 458.0 353.0 353.0 647.0 205.0 378.0 470.0 353.0 509.0 330.0 249.0 608.0 192.0 643.0 632.0 653.0 487.0 539.0 533.0 587.0 462.0 369.0 364.0 460.0 264.0 387.0 491.0 188.0 192.0 343.0 84.0 538.0 329.0 398.0 342.0 506.0 493.0 559.0 402.0 458.0 313.0 479.0 300.0 484.0 534.0 547.0 357.0 477.0 506.0 456.0 565.0 396.0 574.0 306.0 491.0 418.0 386.0 445.0 420.0 471.0 139.0 547.0 634.0 599.0 354.0 420.0 447.0 499.0 362.0 589.0 465.0 476.0 0.0 469.0 302.0 314.0 353.0 321.0 416.0 379.0 437.0 181.0 482.0 472.0 426.0 302.0 255.0 498.0 404.0 428.0 59.0 347.0 301.0 278.0 448.0 554.0 717.0 212.0 382.0 447.0 382.0 324.0 639.0 384.0 538.0 454.0 385.0 519.0 372.0 277.0 396.0 310.0 289.0 265.0 307.0 655.0 300.0 
984.0 747.0 242.0 187.0 587.0 665.0 47.0 911.0 770.0 769.0 757.0 942.0 495.0 815.0 543.0 141.0 412.0 279.0 714.0 1037.0 589.0 937.0 648.0 994.0 826.0 981.0 142.0 991.0 922.0 727.0 787.0 372.0 220.0 711.0 935.0 648.0 278.0 707.0 498.0 885.0 496.0 706.0 780.0 305.0 719.0 620.0 855.0 872.0 472.0 376.0 432.0 891.0 884.0 931.0 740.0 224.0 975.0 924.0 902.0 352.0 889.0 381.0 376.0 132.0 844.0 913.0 177.0 826.0 380.0 1003.0 906.0 1034.0 725.0 104.0 915.0 940.0 717.0 977.0 636.0 665.0 469.0 0.0 764.0 291.0 640.0 368.0 80.0 822.0 848.0 525.0 936.0 856.0 775.0 746.0 716.0 244.0 293.0 181.0 520.0 446.0 705.0 743.0 329.0 973.0 1024.0 622.0 818.0 222.0 412.0 781.0 946.0 853.0 815.0 900.0 608.0 572.0 441.0 314.0 806.0 622.0 204.0 331.0 735.0 944.0 366.0 
312.0 522.0 648.0 711.0 399.0 401.0 754.0 295.0 366.0 312.0 335.0 514.0 418.0 275.0 579.0 654.0 696.0 571.0 58.0 454.0 312.0 512.0 839.0 471.0 350.0 252.0 810.0 343.0 160.0 266.0 302.0 732.0 549.0 459.0 326.0 181.0 491.0 249.0 270.0 375.0 449.0 342.0 258.0 735.0 474.0 759.0 108.0 223.0 542.0 752.0 465.0 403.0 370.0 334.0 224.0 730.0 225.0 186.0 406.0 671.0 438.0 502.0 691.0 720.0 212.0 184.0 686.0 472.0 429.0 337.0 527.0 433.0 242.0 722.0 162.0 215.0 410.0 364.0 630.0 627.0 302.0 764.0 0.0 553.0 477.0 522.0 717.0 110.0 214.0 369.0 290.0 431.0 452.0 77.0 162.0 746.0 634.0 693.0 246.0 502.0 176.0 29.0 729.0 431.0 559.0 291.0 279.0 699.0 556.0 187.0 497.0 125.0 453.0 167.0 545.0 732.0 618.0 513.0 345.0 312.0 590.0 496.0 124.0 527.0 571.0 
719.0 731.0 96.0 376.0 298.0 613.0 310.0 640.0 484.0 666.0 665.0 652.0 457.0 690.0 270.0 277.0 214.0 19.0 514.0 920.0 497.0 647.0 786.0 707.0 542.0 733.0 274.0 720.0 698.0 453.0 677.0 532.0 132.0 676.0 800.0 495.0 209.0 436.0 293.0 602.0 205.0 422.0 655.0 193.0 429.0 732.0 625.0 612.0 509.0 545.0 142.0 797.0 600.0 656.0 472.0 177.0 777.0 733.0 616.0 481.0 600.0 91.0 187.0 341.0 690.0 726.0 144.0 774.0 322.0 850.0 615.0 910.0 455.0 321.0 714.0 693.0 661.0 702.0 689.0 710.0 314.0 291.0 553.0 0.0 624.0 78.0 296.0 583.0 587.0 460.0 786.0 781.0 725.0 514.0 560.0 194.0 91.0 149.0 340.0 157.0 450.0 539.0 497.0 867.0 734.0 521.0 694.0 147.0 135.0 630.0 656.0 663.0 525.0 660.0 628.0 684.0 525.0 40.0 709.0 343.0 267.0 58.0 491.0 654.0 429.0 
787.0 110.0 689.0 483.0 699.0 81.0 603.0 766.0 775.0 224.0 196.0 955.0 167.0 294.0 820.0 500.0 835.0 635.0 428.0 450.0 182.0 952.0 377.0 935.0 787.0 716.0 756.0 819.0 599.0 674.0 246.0 383.0 520.0 77.0 396.0 303.0 426.0 649.0 429.0 827.0 680.0 724.0 274.0 802.0 834.0 297.0 577.0 696.0 179.0 399.0 647.0 295.0 822.0 805.0 647.0 750.0 562.0 511.0 857.0 345.0 878.0 644.0 810.0 526.0 372.0 491.0 681.0 194.0 303.0 482.0 953.0 459.0 653.0 547.0 529.0 684.0 109.0 838.0 157.0 151.0 353.0 640.0 477.0 624.0 0.0 654.0 563.0 586.0 684.0 173.0 424.0 242.0 145.0 530.0 319.0 774.0 710.0 690.0 376.0 694.0 585.0 449.0 406.0 380.0 1014.0 190.0 293.0 723.0 721.0 333.0 943.0 462.0 862.0 638.0 79.0 283.0 245.0 595.0 235.0 646.0 442.0 588.0 561.0 966.0 281.0 
660.0 758.0 150.0 450.0 226.0 634.0 387.0 578.0 413.0 671.0 673.0 577.0 490.0 687.0 199.0 351.0 190.0 89.0 489.0 916.0 511.0 572.0 845.0 635.0 474.0 683.0 338.0 659.0 659.0 391.0 679.0 599.0 200.0 700.0 792.0 490.0 261.0 377.0 280.0 532.0 131.0 353.0 653.0 214.0 352.0 787.0 584.0 556.0 555.0 612.0 72.0 802.0 532.0 591.0 415.0 226.0 746.0 706.0 545.0 545.0 527.0 21.0 175.0 417.0 678.0 701.0 211.0 791.0 360.0 834.0 539.0 903.0 396.0 397.0 684.0 643.0 680.0 637.0 733.0 752.0 321.0 368.0 522.0 78.0 654.0 0.0 373.0 539.0 531.0 485.0 773.0 792.0 744.0 474.0 551.0 236.0 118.0 214.0 334.0 80.0 400.0 511.0 566.0 867.0 659.0 532.0 692.0 200.0 70.0 620.0 581.0 638.0 450.0 613.0 667.0 740.0 580.0 73.0 715.0 280.0 334.0 70.0 446.0 578.0 484.0 
953.0 669.0 272.0 113.0 581.0 591.0 42.0 884.0 758.0 699.0 686.0 937.0 422.0 748.0 562.0 68.0 452.0 289.0 664.0 967.0 521.0 932.0 575.0 980.0 810.0 943.0 216.0 963.0 876.0 705.0 718.0 299.0 194.0 635.0 869.0 589.0 226.0 684.0 456.0 869.0 495.0 693.0 713.0 355.0 721.0 543.0 812.0 841.0 393.0 304.0 431.0 819.0 867.0 908.0 713.0 276.0 921.0 869.0 888.0 274.0 879.0 383.0 416.0 59.0 782.0 857.0 215.0 750.0 314.0 939.0 904.0 966.0 701.0 30.0 862.0 901.0 643.0 953.0 557.0 585.0 416.0 80.0 717.0 296.0 563.0 373.0 0.0 782.0 817.0 455.0 872.0 783.0 699.0 706.0 656.0 298.0 321.0 222.0 471.0 452.0 673.0 694.0 256.0 902.0 1017.0 555.0 751.0 266.0 428.0 719.0 938.0 798.0 810.0 860.0 529.0 495.0 362.0 310.0 735.0 605.0 135.0 324.0 699.0 940.0 287.0 
204.0 631.0 678.0 789.0 374.0 511.0 817.0 187.0 293.0 418.0 442.0 418.0 519.0 374.0 557.0 723.0 697.0 601.0 161.0 528.0 418.0 417.0 946.0 366.0 263.0 162.0 851.0 234.0 126.0 206.0 406.0 826.0 603.0 569.0 405.0 287.0 558.0 199.0 327.0 276.0 444.0 286.0 362.0 752.0 416.0 866.0 52.0 114.0 643.0 846.0 474.0 499.0 271.0 226.0 162.0 759.0 241.0 224.0 307.0 764.0 344.0 518.0 697.0 792.0 301.0 233.0 723.0 577.0 513.0 397.0 437.0 504.0 185.0 790.0 188.0 121.0 519.0 254.0 739.0 736.0 379.0 822.0 110.0 583.0 586.0 539.0 782.0 0.0 110.0 472.0 362.0 533.0 559.0 78.0 271.0 772.0 656.0 729.0 320.0 503.0 144.0 137.0 820.0 515.0 456.0 399.0 379.0 729.0 561.0 289.0 399.0 192.0 374.0 79.0 653.0 838.0 718.0 545.0 448.0 286.0 663.0 526.0 93.0 431.0 664.0 
137.0 735.0 677.0 838.0 334.0 611.0 849.0 83.0 206.0 526.0 549.0 309.0 601.0 484.0 509.0 763.0 667.0 604.0 257.0 633.0 510.0 309.0 1035.0 258.0 162.0 160.0 860.0 150.0 204.0 149.0 515.0 895.0 630.0 672.0 512.0 382.0 600.0 156.0 370.0 168.0 418.0 220.0 471.0 738.0 338.0 956.0 149.0 25.0 725.0 914.0 461.0 608.0 163.0 122.0 116.0 756.0 330.0 324.0 199.0 832.0 237.0 511.0 674.0 834.0 410.0 335.0 730.0 685.0 576.0 498.0 332.0 608.0 137.0 829.0 286.0 128.0 623.0 157.0 834.0 833.0 437.0 848.0 214.0 587.0 684.0 531.0 817.0 110.0 0.0 557.0 468.0 642.0 666.0 155.0 375.0 767.0 648.0 735.0 380.0 481.0 145.0 239.0 885.0 623.0 346.0 495.0 488.0 729.0 539.0 398.0 290.0 300.0 278.0 124.0 748.0 925.0 796.0 551.0 557.0 255.0 707.0 533.0 132.0 323.0 733.0 
675.0 274.0 533.0 403.0 530.0 154.0 496.0 639.0 620.0 245.0 232.0 805.0 50.0 298.0 648.0 387.0 669.0 473.0 314.0 513.0 73.0 802.0 479.0 797.0 639.0 620.0 625.0 701.0 516.0 523.0 264.0 373.0 369.0 217.0 419.0 191.0 275.0 497.0 260.0 684.0 508.0 565.0 265.0 645.0 669.0 401.0 477.0 573.0 173.0 392.0 475.0 367.0 680.0 675.0 501.0 600.0 517.0 463.0 713.0 316.0 729.0 473.0 646.0 432.0 347.0 446.0 534.0 317.0 152.0 494.0 798.0 512.0 504.0 446.0 469.0 584.0 204.0 713.0 291.0 299.0 181.0 525.0 369.0 460.0 173.0 485.0 455.0 472.0 557.0 0.0 429.0 336.0 267.0 404.0 241.0 624.0 549.0 543.0 211.0 522.0 440.0 341.0 378.0 448.0 869.0 107.0 301.0 572.0 550.0 288.0 795.0 398.0 704.0 536.0 208.0 368.0 250.0 429.0 281.0 482.0 322.0 421.0 427.0 815.0 219.0 
506.0 403.0 878.0 831.0 684.0 348.0 913.0 532.0 650.0 203.0 229.0 776.0 473.0 135.0 860.0 805.0 958.0 804.0 296.0 167.0 357.0 776.0 793.0 711.0 624.0 405.0 1013.0 547.0 285.0 553.0 180.0 785.0 744.0 364.0 50.0 295.0 663.0 537.0 495.0 635.0 723.0 630.0 165.0 978.0 763.0 715.0 319.0 464.0 570.0 803.0 727.0 181.0 630.0 570.0 509.0 957.0 181.0 154.0 665.0 734.0 704.0 755.0 947.0 857.0 97.0 137.0 901.0 303.0 558.0 67.0 798.0 144.0 529.0 868.0 191.0 393.0 318.0 584.0 571.0 554.0 482.0 936.0 290.0 786.0 424.0 773.0 872.0 362.0 468.0 429.0 0.0 238.0 315.0 365.0 227.0 977.0 875.0 910.0 447.0 769.0 465.0 285.0 798.0 161.0 805.0 322.0 134.0 926.0 819.0 158.0 756.0 172.0 734.0 360.0 503.0 706.0 649.0 747.0 193.0 599.0 737.0 732.0 411.0 790.0 644.0 
711.0 180.0 861.0 715.0 770.0 193.0 824.0 717.0 789.0 130.0 120.0 945.0 362.0 159.0 924.0 717.0 981.0 796.0 405.0 212.0 286.0 943.0 576.0 898.0 780.0 619.0 960.0 749.0 494.0 685.0 132.0 624.0 703.0 166.0 194.0 322.0 610.0 664.0 522.0 805.0 780.0 753.0 174.0 972.0 880.0 503.0 504.0 645.0 417.0 640.0 765.0 63.0 800.0 757.0 647.0 932.0 412.0 373.0 836.0 585.0 869.0 777.0 962.0 753.0 240.0 353.0 867.0 68.0 487.0 277.0 956.0 224.0 661.0 771.0 404.0 597.0 142.0 780.0 362.0 339.0 472.0 856.0 431.0 781.0 242.0 792.0 783.0 533.0 642.0 336.0 238.0 0.0 99.0 505.0 285.0 955.0 872.0 876.0 465.0 811.0 591.0 412.0 647.0 142.0 988.0 261.0 154.0 903.0 851.0 245.0 928.0 355.0 878.0 557.0 311.0 503.0 486.0 746.0 89.0 696.0 653.0 735.0 548.0 957.0 513.0 
750.0 88.0 800.0 626.0 749.0 114.0 741.0 745.0 792.0 143.0 118.0 959.0 284.0 204.0 891.0 635.0 931.0 739.0 415.0 311.0 234.0 957.0 482.0 923.0 791.0 665.0 885.0 786.0 541.0 688.0 160.0 527.0 635.0 69.0 278.0 308.0 541.0 665.0 488.0 823.0 748.0 749.0 202.0 911.0 871.0 407.0 538.0 673.0 323.0 542.0 725.0 158.0 818.0 785.0 654.0 866.0 478.0 432.0 854.0 490.0 882.0 731.0 909.0 666.0 291.0 412.0 799.0 52.0 416.0 364.0 965.0 322.0 665.0 685.0 459.0 639.0 65.0 812.0 265.0 243.0 426.0 775.0 452.0 725.0 145.0 744.0 699.0 559.0 666.0 267.0 315.0 99.0 0.0 518.0 293.0 890.0 815.0 809.0 431.0 772.0 594.0 428.0 551.0 240.0 1009.0 218.0 201.0 838.0 806.0 275.0 944.0 400.0 881.0 596.0 212.0 405.0 390.0 692.0 127.0 683.0 573.0 683.0 558.0 971.0 422.0 
273.0 584.0 609.0 712.0 331.0 458.0 740.0 238.0 289.0 382.0 404.0 442.0 450.0 349.0 512.0 646.0 640.0 532.0 105.0 530.0 355.0 440.0 881.0 407.0 276.0 239.0 779.0 298.0 185.0 189.0 374.0 753.0 528.0 520.0 403.0 227.0 481.0 173.0 250.0 305.0 389.0 265.0 331.0 688.0 398.0 802.0 112.0 169.0 574.0 772.0 413.0 479.0 300.0 276.0 147.0 690.0 280.0 250.0 336.0 690.0 365.0 454.0 638.0 715.0 289.0 252.0 652.0 542.0 437.0 411.0 452.0 509.0 165.0 713.0 220.0 198.0 473.0 311.0 679.0 679.0 302.0 746.0 77.0 514.0 530.0 474.0 706.0 78.0 155.0 404.0 365.0 505.0 518.0 0.0 226.0 705.0 590.0 658.0 243.0 445.0 101.0 93.0 745.0 508.0 491.0 341.0 354.0 661.0 502.0 261.0 426.0 197.0 376.0 155.0 593.0 772.0 647.0 475.0 417.0 242.0 586.0 457.0 47.0 454.0 590.0 
470.0 361.0 651.0 627.0 491.0 242.0 696.0 456.0 505.0 159.0 178.0 667.0 290.0 143.0 656.0 589.0 738.0 578.0 123.0 365.0 172.0 665.0 689.0 631.0 500.0 398.0 788.0 503.0 284.0 401.0 154.0 613.0 519.0 298.0 241.0 69.0 440.0 379.0 272.0 531.0 514.0 468.0 115.0 752.0 596.0 609.0 259.0 384.0 408.0 633.0 510.0 271.0 526.0 495.0 364.0 730.0 277.0 223.0 562.0 556.0 590.0 533.0 725.0 646.0 132.0 208.0 674.0 318.0 345.0 292.0 675.0 352.0 377.0 654.0 228.0 366.0 249.0 525.0 475.0 469.0 255.0 716.0 162.0 560.0 319.0 551.0 656.0 271.0 375.0 241.0 227.0 285.0 293.0 226.0 0.0 750.0 649.0 683.0 221.0 554.0 306.0 136.0 618.0 322.0 717.0 143.0 148.0 699.0 601.0 70.0 652.0 158.0 594.0 319.0 391.0 585.0 487.0 521.0 197.0 414.0 522.0 507.0 267.0 679.0 458.0 
896.0 884.0 100.0 408.0 452.0 776.0 285.0 812.0 637.0 846.0 842.0 784.0 611.0 875.0 346.0 322.0 181.0 176.0 708.0 1106.0 670.0 779.0 865.0 855.0 701.0 918.0 135.0 892.0 890.0 626.0 859.0 592.0 256.0 835.0 988.0 683.0 350.0 612.0 486.0 759.0 357.0 581.0 840.0 64.0 553.0 825.0 816.0 792.0 633.0 599.0 306.0 976.0 758.0 823.0 651.0 26.0 970.0 926.0 768.0 556.0 745.0 257.0 147.0 356.0 880.0 920.0 96.0 940.0 475.0 1041.0 740.0 1097.0 631.0 328.0 907.0 879.0 827.0 868.0 812.0 837.0 498.0 244.0 746.0 194.0 774.0 236.0 298.0 772.0 767.0 624.0 977.0 955.0 890.0 705.0 750.0 0.0 119.0 87.0 530.0 294.0 635.0 732.0 550.0 1050.0 866.0 698.0 879.0 52.0 241.0 819.0 792.0 857.0 660.0 848.0 764.0 776.0 627.0 234.0 888.0 515.0 353.0 251.0 680.0 783.0 536.0 
777.0 819.0 51.0 418.0 336.0 702.0 323.0 694.0 522.0 757.0 755.0 675.0 544.0 780.0 253.0 320.0 138.0 77.0 598.0 1010.0 587.0 670.0 851.0 742.0 585.0 800.0 231.0 774.0 774.0 507.0 768.0 588.0 201.0 765.0 890.0 585.0 289.0 494.0 380.0 643.0 240.0 464.0 745.0 103.0 446.0 802.0 700.0 673.0 588.0 599.0 188.0 888.0 642.0 706.0 532.0 111.0 858.0 816.0 654.0 542.0 632.0 139.0 106.0 374.0 778.0 810.0 117.0 864.0 408.0 937.0 633.0 1000.0 513.0 349.0 796.0 761.0 751.0 751.0 769.0 791.0 404.0 293.0 634.0 91.0 710.0 118.0 321.0 656.0 648.0 549.0 875.0 872.0 815.0 590.0 649.0 119.0 0.0 116.0 429.0 179.0 517.0 621.0 550.0 958.0 757.0 612.0 785.0 88.0 130.0 719.0 682.0 747.0 550.0 730.0 711.0 753.0 597.0 129.0 800.0 397.0 327.0 143.0 563.0 675.0 501.0 
867.0 800.0 67.0 328.0 439.0 695.0 216.0 788.0 626.0 770.0 765.0 786.0 528.0 803.0 368.0 238.0 233.0 131.0 650.0 1033.0 593.0 781.0 781.0 848.0 686.0 881.0 126.0 868.0 842.0 600.0 784.0 509.0 174.0 753.0 919.0 615.0 268.0 584.0 426.0 746.0 343.0 566.0 767.0 135.0 558.0 740.0 769.0 760.0 547.0 517.0 285.0 900.0 745.0 803.0 621.0 62.0 915.0 869.0 758.0 472.0 740.0 232.0 196.0 279.0 814.0 861.0 10.0 859.0 393.0 975.0 746.0 1025.0 603.0 251.0 852.0 840.0 746.0 848.0 725.0 750.0 428.0 181.0 693.0 149.0 690.0 214.0 222.0 729.0 735.0 543.0 910.0 876.0 809.0 658.0 683.0 87.0 116.0 0.0 466.0 286.0 597.0 676.0 468.0 975.0 868.0 622.0 807.0 45.0 243.0 752.0 792.0 798.0 660.0 806.0 678.0 691.0 541.0 185.0 812.0 490.0 266.0 204.0 638.0 787.0 450.0 
510.0 465.0 431.0 470.0 325.0 331.0 508.0 458.0 412.0 340.0 345.0 600.0 244.0 354.0 462.0 409.0 522.0 357.0 195.0 583.0 202.0 596.0 678.0 601.0 437.0 481.0 576.0 529.0 406.0 319.0 347.0 517.0 309.0 401.0 461.0 157.0 246.0 293.0 58.0 486.0 318.0 355.0 320.0 532.0 459.0 603.0 344.0 400.0 360.0 536.0 301.0 470.0 482.0 491.0 303.0 510.0 456.0 408.0 513.0 453.0 525.0 317.0 507.0 475.0 351.0 398.0 458.0 473.0 197.0 511.0 590.0 572.0 302.0 476.0 396.0 440.0 369.0 532.0 501.0 509.0 59.0 520.0 246.0 340.0 376.0 334.0 471.0 320.0 380.0 211.0 447.0 465.0 431.0 243.0 221.0 530.0 429.0 466.0 0.0 347.0 246.0 224.0 506.0 534.0 667.0 213.0 359.0 480.0 388.0 291.0 591.0 336.0 495.0 396.0 418.0 565.0 424.0 301.0 384.0 272.0 346.0 286.0 249.0 609.0 355.0 
606.0 795.0 220.0 527.0 158.0 665.0 467.0 521.0 344.0 686.0 691.0 501.0 533.0 695.0 131.0 428.0 195.0 168.0 477.0 919.0 539.0 496.0 909.0 564.0 407.0 637.0 408.0 600.0 627.0 336.0 692.0 670.0 276.0 734.0 792.0 498.0 325.0 325.0 290.0 465.0 64.0 287.0 662.0 259.0 274.0 848.0 551.0 506.0 611.0 684.0 48.0 815.0 465.0 530.0 365.0 289.0 724.0 687.0 476.0 614.0 455.0 71.0 195.0 495.0 675.0 685.0 285.0 816.0 411.0 827.0 461.0 904.0 344.0 476.0 662.0 600.0 708.0 575.0 785.0 802.0 347.0 446.0 502.0 157.0 694.0 80.0 452.0 503.0 481.0 522.0 769.0 811.0 772.0 445.0 554.0 294.0 179.0 286.0 347.0 0.0 361.0 495.0 639.0 875.0 583.0 555.0 700.0 266.0 59.0 621.0 507.0 623.0 374.0 574.0 714.0 802.0 642.0 147.0 730.0 227.0 408.0 138.0 412.0 502.0 547.0 
281.0 652.0 542.0 695.0 234.0 521.0 705.0 217.0 199.0 464.0 483.0 371.0 481.0 440.0 416.0 619.0 554.0 468.0 186.0 629.0 405.0 368.0 917.0 357.0 202.0 284.0 721.0 292.0 268.0 95.0 459.0 760.0 486.0 587.0 501.0 289.0 456.0 75.0 229.0 244.0 301.0 167.0 417.0 612.0 299.0 840.0 193.0 169.0 602.0 779.0 333.0 570.0 240.0 246.0 62.0 623.0 376.0 349.0 274.0 697.0 293.0 379.0 555.0 690.0 385.0 352.0 592.0 623.0 439.0 511.0 372.0 608.0 72.0 685.0 317.0 244.0 543.0 290.0 727.0 730.0 301.0 705.0 176.0 450.0 585.0 400.0 673.0 144.0 145.0 440.0 465.0 591.0 594.0 101.0 306.0 635.0 517.0 597.0 246.0 361.0 0.0 186.0 747.0 604.0 430.0 398.0 445.0 594.0 418.0 352.0 358.0 298.0 288.0 214.0 641.0 806.0 668.0 413.0 503.0 145.0 564.0 394.0 57.0 381.0 600.0 
340.0 496.0 634.0 686.0 400.0 375.0 731.0 320.0 381.0 290.0 312.0 534.0 389.0 257.0 577.0 631.0 688.0 557.0 31.0 446.0 283.0 533.0 811.0 495.0 369.0 280.0 792.0 370.0 186.0 278.0 282.0 704.0 530.0 433.0 318.0 152.0 469.0 260.0 251.0 396.0 445.0 352.0 238.0 723.0 484.0 731.0 136.0 248.0 513.0 724.0 457.0 387.0 391.0 359.0 238.0 715.0 239.0 195.0 427.0 643.0 458.0 491.0 682.0 695.0 201.0 191.0 669.0 450.0 403.0 336.0 545.0 427.0 254.0 698.0 176.0 243.0 385.0 390.0 603.0 599.0 278.0 743.0 29.0 539.0 449.0 511.0 694.0 137.0 239.0 341.0 285.0 412.0 428.0 93.0 136.0 732.0 621.0 676.0 224.0 495.0 186.0 0.0 702.0 419.0 581.0 263.0 262.0 685.0 549.0 169.0 518.0 129.0 468.0 196.0 517.0 704.0 589.0 499.0 325.0 315.0 566.0 482.0 137.0 547.0 543.0 
1015.0 496.0 506.0 144.0 732.0 463.0 283.0 963.0 883.0 600.0 579.0 1072.0 330.0 664.0 764.0 232.0 687.0 497.0 672.0 853.0 450.0 1068.0 320.0 1093.0 922.0 978.0 470.0 1035.0 885.0 807.0 623.0 44.0 366.0 483.0 781.0 562.0 323.0 781.0 520.0 977.0 663.0 819.0 634.0 603.0 880.0 295.0 835.0 905.0 232.0 50.0 604.0 697.0 974.0 993.0 800.0 526.0 894.0 840.0 1002.0 64.0 1004.0 569.0 652.0 199.0 722.0 823.0 460.0 598.0 310.0 862.0 1049.0 858.0 795.0 228.0 845.0 938.0 509.0 1036.0 342.0 373.0 448.0 329.0 729.0 497.0 406.0 566.0 256.0 820.0 885.0 378.0 798.0 647.0 551.0 745.0 618.0 550.0 550.0 468.0 506.0 639.0 747.0 702.0 0.0 783.0 1147.0 483.0 665.0 512.0 631.0 666.0 1068.0 775.0 952.0 892.0 346.0 249.0 162.0 494.0 625.0 726.0 232.0 501.0 754.0 1078.0 161.0 
666.0 319.0 953.0 842.0 809.0 321.0 944.0 690.0 796.0 207.0 217.0 932.0 482.0 180.0 977.0 835.0 1055.0 883.0 423.0 71.0 387.0 931.0 715.0 870.0 776.0 565.0 1068.0 707.0 445.0 696.0 192.0 762.0 803.0 306.0 112.0 378.0 714.0 678.0 588.0 790.0 836.0 770.0 214.0 1060.0 902.0 642.0 476.0 621.0 551.0 778.0 830.0 86.0 785.0 729.0 654.0 1028.0 338.0 314.0 821.0 720.0 859.0 850.0 1040.0 877.0 219.0 297.0 966.0 205.0 596.0 167.0 951.0 85.0 672.0 893.0 351.0 553.0 275.0 744.0 502.0 478.0 554.0 973.0 431.0 867.0 380.0 867.0 902.0 515.0 623.0 448.0 161.0 142.0 240.0 508.0 322.0 1050.0 958.0 975.0 534.0 875.0 604.0 419.0 783.0 0.0 964.0 355.0 176.0 998.0 920.0 259.0 912.0 324.0 882.0 519.0 452.0 644.0 624.0 830.0 168.0 728.0 770.0 817.0 554.0 945.0 643.0 
314.0 1074.0 802.0 1069.0 437.0 946.0 1038.0 274.0 265.0 870.0 893.0 83.0 908.0 829.0 527.0 978.0 710.0 747.0 595.0 967.0 834.0 88.0 1344.0 96.0 231.0 420.0 988.0 274.0 524.0 349.0 860.0 1167.0 826.0 1010.0 852.0 713.0 831.0 375.0 636.0 188.0 529.0 330.0 816.0 816.0 313.0 1268.0 489.0 344.0 1027.0 1185.0 592.0 954.0 192.0 236.0 369.0 865.0 647.0 655.0 157.0 1104.0 144.0 644.0 733.0 1050.0 755.0 669.0 867.0 1030.0 849.0 826.0 129.0 940.0 366.0 1037.0 617.0 419.0 963.0 229.0 1157.0 1160.0 717.0 1024.0 559.0 734.0 1014.0 659.0 1017.0 456.0 346.0 869.0 805.0 988.0 1009.0 491.0 717.0 866.0 757.0 868.0 667.0 583.0 430.0 581.0 1147.0 964.0 0.0 825.0 834.0 845.0 628.0 743.0 80.0 642.0 209.0 446.0 1071.0 1232.0 1089.0 711.0 902.0 422.0 937.0 695.0 454.0 83.0 1012.0 
602.0 259.0 603.0 509.0 533.0 125.0 596.0 578.0 591.0 149.0 144.0 768.0 154.0 194.0 673.0 487.0 721.0 536.0 240.0 416.0 35.0 765.0 549.0 745.0 599.0 537.0 713.0 632.0 426.0 488.0 165.0 476.0 449.0 194.0 315.0 114.0 359.0 463.0 270.0 638.0 530.0 543.0 160.0 712.0 659.0 469.0 395.0 508.0 267.0 495.0 509.0 279.0 633.0 616.0 459.0 675.0 414.0 360.0 668.0 420.0 690.0 518.0 702.0 536.0 240.0 343.0 613.0 261.0 243.0 389.0 767.0 413.0 467.0 548.0 369.0 503.0 157.0 650.0 340.0 339.0 212.0 622.0 291.0 521.0 190.0 532.0 555.0 399.0 495.0 107.0 322.0 261.0 218.0 341.0 143.0 698.0 612.0 622.0 213.0 555.0 398.0 263.0 483.0 355.0 825.0 0.0 197.0 646.0 592.0 183.0 755.0 299.0 678.0 456.0 255.0 444.0 346.0 486.0 191.0 470.0 420.0 475.0 372.0 778.0 326.0 
558.0 286.0 782.0 703.0 639.0 215.0 793.0 564.0 642.0 70.0 98.0 793.0 343.0 5.0 803.0 684.0 880.0 711.0 259.0 227.0 231.0 791.0 666.0 744.0 629.0 469.0 904.0 596.0 344.0 539.0 47.0 651.0 637.0 239.0 119.0 203.0 550.0 519.0 413.0 652.0 662.0 610.0 40.0 887.0 740.0 587.0 350.0 492.0 436.0 669.0 655.0 126.0 647.0 603.0 499.0 858.0 278.0 232.0 684.0 601.0 717.0 675.0 866.0 732.0 91.0 211.0 798.0 205.0 439.0 197.0 806.0 219.0 515.0 745.0 258.0 446.0 190.0 626.0 444.0 429.0 382.0 818.0 279.0 694.0 293.0 692.0 751.0 379.0 488.0 301.0 134.0 154.0 201.0 354.0 148.0 879.0 785.0 807.0 359.0 700.0 445.0 262.0 665.0 176.0 834.0 197.0 0.0 828.0 745.0 94.0 775.0 203.0 730.0 404.0 372.0 575.0 515.0 657.0 76.0 560.0 617.0 643.0 399.0 805.0 513.0 
859.0 833.0 52.0 373.0 422.0 725.0 259.0 777.0 609.0 794.0 790.0 763.0 559.0 824.0 336.0 282.0 190.0 129.0 660.0 1054.0 618.0 758.0 824.0 829.0 671.0 878.0 144.0 858.0 845.0 590.0 807.0 553.0 204.0 784.0 937.0 633.0 299.0 575.0 437.0 729.0 326.0 550.0 788.0 91.0 533.0 782.0 772.0 754.0 584.0 561.0 271.0 924.0 729.0 790.0 613.0 31.0 923.0 878.0 741.0 515.0 719.0 219.0 154.0 323.0 830.0 871.0 52.0 889.0 423.0 990.0 721.0 1045.0 594.0 296.0 860.0 838.0 775.0 836.0 764.0 788.0 447.0 222.0 699.0 147.0 723.0 200.0 266.0 729.0 729.0 572.0 926.0 903.0 838.0 661.0 699.0 52.0 88.0 45.0 480.0 266.0 594.0 685.0 512.0 998.0 845.0 646.0 828.0 0.0 217.0 769.0 770.0 808.0 637.0 806.0 714.0 733.0 582.0 187.0 836.0 479.0 307.0 205.0 637.0 763.0 489.0 
663.0 824.0 176.0 511.0 213.0 698.0 437.0 578.0 397.0 728.0 731.0 546.0 557.0 740.0 136.0 411.0 140.0 140.0 529.0 966.0 573.0 541.0 914.0 615.0 461.0 695.0 360.0 657.0 684.0 393.0 735.0 665.0 265.0 765.0 840.0 542.0 330.0 383.0 333.0 519.0 121.0 343.0 706.0 201.0 317.0 857.0 608.0 564.0 625.0 678.0 92.0 858.0 519.0 586.0 424.0 238.0 779.0 742.0 528.0 612.0 505.0 77.0 137.0 474.0 724.0 739.0 243.0 852.0 428.0 878.0 504.0 952.0 402.0 453.0 717.0 658.0 743.0 631.0 802.0 821.0 382.0 412.0 556.0 135.0 721.0 70.0 428.0 561.0 539.0 550.0 819.0 851.0 806.0 502.0 601.0 241.0 130.0 243.0 388.0 59.0 418.0 549.0 631.0 920.0 628.0 592.0 745.0 217.0 0.0 669.0 554.0 677.0 421.0 632.0 735.0 809.0 649.0 141.0 771.0 285.0 400.0 140.0 469.0 546.0 553.0 
476.0 353.0 721.0 685.0 551.0 252.0 760.0 475.0 548.0 132.0 158.0 700.0 336.0 89.0 719.0 652.0 806.0 647.0 167.0 298.0 216.0 699.0 709.0 654.0 536.0 393.0 856.0 512.0 270.0 445.0 118.0 658.0 587.0 296.0 172.0 137.0 506.0 426.0 341.0 560.0 579.0 517.0 74.0 822.0 648.0 629.0 265.0 403.0 447.0 677.0 578.0 219.0 555.0 515.0 406.0 799.0 234.0 181.0 592.0 602.0 624.0 602.0 794.0 707.0 63.0 162.0 743.0 289.0 406.0 224.0 713.0 284.0 421.0 716.0 197.0 365.0 245.0 540.0 490.0 480.0 324.0 781.0 187.0 630.0 333.0 620.0 719.0 289.0 398.0 288.0 158.0 245.0 275.0 261.0 70.0 819.0 719.0 752.0 291.0 621.0 352.0 169.0 666.0 259.0 743.0 183.0 94.0 769.0 669.0 0.0 683.0 130.0 636.0 321.0 410.0 610.0 527.0 591.0 160.0 470.0 585.0 576.0 305.0 713.0 507.0 
287.0 1007.0 726.0 989.0 359.0 877.0 960.0 229.0 186.0 808.0 829.0 25.0 833.0 770.0 458.0 899.0 641.0 669.0 530.0 920.0 762.0 27.0 1268.0 87.0 157.0 388.0 913.0 250.0 481.0 273.0 799.0 1088.0 746.0 942.0 801.0 644.0 752.0 299.0 558.0 123.0 451.0 250.0 755.0 745.0 241.0 1193.0 437.0 292.0 950.0 1106.0 514.0 897.0 128.0 194.0 296.0 791.0 607.0 608.0 92.0 1025.0 66.0 566.0 662.0 970.0 699.0 621.0 791.0 968.0 771.0 782.0 76.0 894.0 291.0 957.0 570.0 380.0 896.0 203.0 1084.0 1088.0 639.0 946.0 497.0 656.0 943.0 581.0 938.0 399.0 290.0 795.0 756.0 928.0 944.0 426.0 652.0 792.0 682.0 792.0 591.0 507.0 358.0 518.0 1068.0 912.0 80.0 755.0 775.0 770.0 554.0 683.0 0.0 589.0 133.0 400.0 998.0 1156.0 1011.0 632.0 841.0 343.0 857.0 617.0 387.0 38.0 934.0 
356.0 480.0 758.0 778.0 524.0 381.0 837.0 369.0 479.0 257.0 285.0 608.0 448.0 199.0 703.0 733.0 816.0 681.0 150.0 338.0 329.0 608.0 837.0 550.0 453.0 266.0 911.0 395.0 142.0 383.0 240.0 771.0 645.0 425.0 214.0 215.0 576.0 369.0 372.0 467.0 572.0 461.0 199.0 849.0 594.0 757.0 153.0 299.0 565.0 790.0 585.0 314.0 462.0 408.0 339.0 839.0 123.0 72.0 498.0 713.0 535.0 619.0 810.0 793.0 116.0 64.0 790.0 408.0 493.0 214.0 628.0 314.0 359.0 799.0 71.0 243.0 374.0 427.0 619.0 609.0 384.0 853.0 125.0 663.0 462.0 638.0 798.0 192.0 300.0 398.0 172.0 355.0 400.0 197.0 158.0 857.0 747.0 798.0 336.0 623.0 298.0 129.0 775.0 324.0 642.0 299.0 203.0 808.0 677.0 130.0 589.0 0.0 563.0 203.0 538.0 737.0 645.0 624.0 277.0 436.0 666.0 607.0 243.0 622.0 615.0 
334.0 936.0 594.0 866.0 230.0 803.0 831.0 252.0 89.0 752.0 770.0 127.0 738.0 725.0 329.0 773.0 512.0 538.0 473.0 900.0 681.0 123.0 1169.0 201.0 116.0 417.0 780.0 308.0 481.0 194.0 746.0 974.0 620.0 870.0 775.0 574.0 632.0 217.0 454.0 141.0 320.0 140.0 704.0 613.0 110.0 1096.0 421.0 291.0 850.0 991.0 383.0 854.0 144.0 234.0 231.0 658.0 607.0 597.0 131.0 912.0 92.0 435.0 531.0 845.0 664.0 606.0 658.0 910.0 662.0 770.0 98.0 876.0 217.0 831.0 560.0 396.0 828.0 265.0 995.0 1002.0 538.0 815.0 453.0 525.0 862.0 450.0 810.0 374.0 278.0 704.0 734.0 878.0 881.0 376.0 594.0 660.0 550.0 660.0 495.0 374.0 288.0 468.0 952.0 882.0 209.0 678.0 730.0 637.0 421.0 636.0 133.0 563.0 0.0 401.0 911.0 1056.0 906.0 503.0 790.0 230.0 735.0 488.0 331.0 130.0 824.0 
155.0 672.0 754.0 865.0 438.0 560.0 895.0 173.0 329.0 453.0 479.0 422.0 584.0 400.0 619.0 801.0 766.0 678.0 223.0 522.0 478.0 422.0 1005.0 352.0 285.0 86.0 929.0 192.0 82.0 259.0 438.0 897.0 681.0 613.0 408.0 347.0 636.0 258.0 405.0 283.0 513.0 336.0 394.0 826.0 460.0 924.0 61.0 112.0 708.0 916.0 547.0 516.0 278.0 211.0 218.0 835.0 208.0 209.0 311.0 835.0 354.0 593.0 768.0 869.0 318.0 224.0 800.0 608.0 587.0 382.0 450.0 495.0 241.0 868.0 171.0 48.0 562.0 225.0 793.0 788.0 454.0 900.0 167.0 660.0 638.0 613.0 860.0 79.0 124.0 536.0 360.0 557.0 596.0 155.0 319.0 848.0 730.0 806.0 396.0 574.0 214.0 196.0 892.0 519.0 446.0 456.0 404.0 806.0 632.0 321.0 400.0 203.0 401.0 0.0 708.0 898.0 784.0 622.0 477.0 352.0 740.0 603.0 169.0 436.0 735.0 
856.0 150.0 684.0 440.0 736.0 159.0 568.0 831.0 826.0 302.0 275.0 1010.0 183.0 372.0 843.0 471.0 841.0 637.0 494.0 522.0 239.0 1007.0 300.0 995.0 842.0 788.0 732.0 886.0 673.0 727.0 325.0 318.0 514.0 147.0 474.0 367.0 422.0 702.0 466.0 885.0 707.0 772.0 353.0 797.0 876.0 220.0 648.0 761.0 136.0 333.0 668.0 367.0 880.0 868.0 703.0 739.0 640.0 588.0 915.0 288.0 933.0 658.0 813.0 487.0 450.0 569.0 668.0 256.0 308.0 560.0 1004.0 532.0 708.0 510.0 606.0 755.0 187.0 903.0 87.0 92.0 385.0 608.0 545.0 628.0 79.0 667.0 529.0 653.0 748.0 208.0 503.0 311.0 212.0 593.0 391.0 764.0 711.0 678.0 418.0 714.0 641.0 517.0 346.0 452.0 1071.0 255.0 372.0 714.0 735.0 410.0 998.0 538.0 911.0 708.0 0.0 204.0 185.0 603.0 313.0 690.0 419.0 598.0 622.0 1020.0 242.0 
1041.0 326.0 716.0 385.0 858.0 362.0 526.0 1007.0 976.0 506.0 478.0 1165.0 325.0 576.0 933.0 456.0 891.0 689.0 678.0 714.0 421.0 1161.0 113.0 1162.0 1001.0 980.0 710.0 1069.0 869.0 884.0 528.0 206.0 554.0 345.0 675.0 552.0 480.0 858.0 602.0 1049.0 810.0 917.0 556.0 822.0 1005.0 50.0 838.0 940.0 206.0 210.0 760.0 562.0 1045.0 1043.0 866.0 751.0 842.0 790.0 1077.0 222.0 1090.0 737.0 859.0 440.0 653.0 771.0 682.0 441.0 401.0 761.0 1152.0 726.0 867.0 469.0 806.0 946.0 389.0 1081.0 142.0 169.0 519.0 572.0 732.0 684.0 283.0 740.0 495.0 838.0 925.0 368.0 706.0 503.0 405.0 772.0 585.0 776.0 753.0 691.0 565.0 802.0 806.0 704.0 249.0 644.0 1232.0 444.0 575.0 733.0 809.0 610.0 1156.0 737.0 1056.0 898.0 204.0 0.0 161.0 669.0 514.0 828.0 428.0 671.0 795.0 1173.0 256.0 
919.0 335.0 561.0 263.0 702.0 307.0 399.0 877.0 829.0 448.0 425.0 1018.0 201.0 514.0 773.0 313.0 733.0 530.0 561.0 694.0 316.0 1015.0 269.0 1024.0 859.0 869.0 575.0 943.0 766.0 741.0 471.0 139.0 397.0 322.0 628.0 441.0 320.0 715.0 454.0 909.0 651.0 768.0 487.0 670.0 850.0 208.0 725.0 814.0 81.0 156.0 600.0 538.0 905.0 911.0 726.0 602.0 760.0 706.0 936.0 104.0 946.0 577.0 702.0 314.0 580.0 688.0 532.0 437.0 246.0 711.0 1003.0 701.0 725.0 340.0 715.0 832.0 350.0 951.0 196.0 225.0 372.0 441.0 618.0 525.0 245.0 580.0 362.0 718.0 796.0 250.0 649.0 486.0 390.0 647.0 487.0 627.0 597.0 541.0 424.0 642.0 668.0 589.0 162.0 624.0 1089.0 346.0 515.0 582.0 649.0 527.0 1011.0 645.0 906.0 784.0 185.0 161.0 0.0 509.0 470.0 677.0 276.0 510.0 664.0 1026.0 97.0 
685.0 701.0 135.0 381.0 274.0 580.0 328.0 606.0 457.0 629.0 629.0 629.0 429.0 652.0 271.0 282.0 241.0 59.0 474.0 882.0 462.0 625.0 774.0 680.0 514.0 696.0 309.0 687.0 659.0 420.0 640.0 526.0 129.0 645.0 762.0 457.0 190.0 402.0 254.0 573.0 185.0 393.0 617.0 231.0 411.0 717.0 586.0 576.0 488.0 540.0 121.0 761.0 571.0 624.0 438.0 217.0 737.0 693.0 589.0 473.0 575.0 76.0 218.0 350.0 651.0 687.0 180.0 740.0 296.0 810.0 595.0 872.0 421.0 332.0 674.0 656.0 628.0 670.0 667.0 687.0 277.0 314.0 513.0 40.0 595.0 73.0 310.0 545.0 551.0 429.0 747.0 746.0 692.0 475.0 521.0 234.0 129.0 185.0 301.0 147.0 413.0 499.0 494.0 830.0 711.0 486.0 657.0 187.0 141.0 591.0 632.0 624.0 503.0 622.0 603.0 669.0 509.0 0.0 673.0 312.0 263.0 19.0 453.0 632.0 414.0 
632.0 213.0 792.0 677.0 683.0 163.0 777.0 634.0 701.0 44.0 50.0 858.0 316.0 79.0 840.0 668.0 904.0 724.0 317.0 233.0 220.0 857.0 600.0 814.0 693.0 543.0 902.0 669.0 419.0 597.0 44.0 608.0 639.0 172.0 162.0 236.0 548.0 576.0 441.0 719.0 697.0 665.0 87.0 901.0 793.0 523.0 422.0 562.0 394.0 625.0 684.0 89.0 714.0 674.0 559.0 865.0 351.0 306.0 750.0 562.0 782.0 699.0 886.0 711.0 166.0 286.0 803.0 131.0 429.0 248.0 869.0 235.0 573.0 726.0 333.0 519.0 127.0 698.0 379.0 362.0 396.0 806.0 345.0 709.0 235.0 715.0 735.0 448.0 557.0 281.0 193.0 89.0 127.0 417.0 197.0 888.0 800.0 812.0 384.0 730.0 503.0 325.0 625.0 168.0 902.0 191.0 76.0 836.0 771.0 160.0 841.0 277.0 790.0 477.0 313.0 514.0 470.0 673.0 0.0 609.0 602.0 660.0 460.0 871.0 480.0 
381.0 729.0 429.0 649.0 89.0 594.0 630.0 298.0 158.0 567.0 581.0 346.0 513.0 555.0 272.0 560.0 415.0 360.0 306.0 760.0 467.0 342.0 940.0 377.0 206.0 412.0 615.0 379.0 412.0 111.0 567.0 747.0 412.0 663.0 631.0 377.0 410.0 99.0 227.0 265.0 164.0 93.0 528.0 484.0 190.0 868.0 337.0 279.0 622.0 764.0 209.0 684.0 263.0 313.0 139.0 506.0 520.0 491.0 284.0 684.0 280.0 261.0 420.0 632.0 513.0 493.0 486.0 719.0 433.0 649.0 327.0 741.0 118.0 622.0 461.0 375.0 625.0 359.0 772.0 781.0 310.0 622.0 312.0 343.0 646.0 280.0 605.0 286.0 255.0 482.0 599.0 696.0 683.0 242.0 414.0 515.0 397.0 490.0 272.0 227.0 145.0 315.0 726.0 728.0 422.0 470.0 560.0 479.0 285.0 470.0 343.0 436.0 230.0 352.0 690.0 828.0 677.0 312.0 609.0 0.0 516.0 294.0 201.0 353.0 595.0 
843.0 551.0 288.0 133.0 510.0 463.0 177.0 779.0 673.0 566.0 553.0 859.0 292.0 614.0 532.0 68.0 465.0 268.0 536.0 834.0 387.0 854.0 525.0 891.0 719.0 824.0 315.0 856.0 750.0 608.0 584.0 266.0 135.0 511.0 734.0 456.0 109.0 584.0 339.0 776.0 435.0 608.0 579.0 395.0 657.0 477.0 689.0 730.0 284.0 279.0 375.0 687.0 774.0 805.0 610.0 327.0 789.0 737.0 798.0 216.0 795.0 337.0 432.0 130.0 647.0 724.0 257.0 625.0 180.0 804.0 832.0 832.0 600.0 133.0 732.0 783.0 515.0 850.0 461.0 487.0 289.0 204.0 590.0 267.0 442.0 334.0 135.0 663.0 707.0 322.0 737.0 653.0 573.0 586.0 522.0 353.0 327.0 266.0 346.0 408.0 564.0 566.0 232.0 770.0 937.0 420.0 617.0 307.0 400.0 585.0 857.0 666.0 735.0 740.0 419.0 428.0 276.0 263.0 602.0 516.0 0.0 270.0 583.0 864.0 184.0 
666.0 694.0 153.0 391.0 259.0 571.0 344.0 588.0 440.0 617.0 617.0 614.0 423.0 639.0 265.0 293.0 249.0 76.0 457.0 868.0 452.0 609.0 776.0 663.0 496.0 677.0 328.0 669.0 641.0 402.0 627.0 532.0 139.0 637.0 747.0 442.0 191.0 384.0 238.0 556.0 172.0 376.0 603.0 246.0 397.0 718.0 568.0 557.0 486.0 547.0 108.0 748.0 554.0 606.0 419.0 235.0 719.0 676.0 572.0 478.0 559.0 68.0 228.0 362.0 636.0 670.0 198.0 730.0 291.0 795.0 580.0 857.0 402.0 346.0 657.0 637.0 619.0 652.0 664.0 683.0 265.0 331.0 496.0 58.0 588.0 70.0 324.0 526.0 533.0 421.0 732.0 735.0 683.0 457.0 507.0 251.0 143.0 204.0 286.0 138.0 394.0 482.0 501.0 817.0 695.0 475.0 643.0 205.0 140.0 576.0 617.0 607.0 488.0 603.0 598.0 671.0 510.0 19.0 660.0 294.0 270.0 0.0 435.0 617.0 415.0 
262.0 621.0 585.0 713.0 289.0 493.0 732.0 213.0 244.0 424.0 444.0 402.0 471.0 394.0 472.0 642.0 606.0 509.0 144.0 576.0 384.0 400.0 906.0 374.0 234.0 246.0 760.0 281.0 215.0 143.0 417.0 764.0 516.0 556.0 449.0 260.0 477.0 127.0 245.0 267.0 354.0 219.0 374.0 660.0 352.0 827.0 140.0 151.0 594.0 783.0 382.0 524.0 262.0 249.0 101.0 666.0 320.0 293.0 298.0 701.0 324.0 426.0 606.0 712.0 335.0 296.0 632.0 584.0 445.0 456.0 409.0 555.0 119.0 709.0 261.0 205.0 510.0 288.0 708.0 709.0 307.0 735.0 124.0 491.0 561.0 446.0 699.0 93.0 132.0 427.0 411.0 548.0 558.0 47.0 267.0 680.0 563.0 638.0 249.0 412.0 57.0 137.0 754.0 554.0 454.0 372.0 399.0 637.0 469.0 305.0 387.0 243.0 331.0 169.0 622.0 795.0 664.0 453.0 460.0 201.0 583.0 435.0 0.0 414.0 602.0 
325.0 1032.0 720.0 995.0 359.0 902.0 960.0 265.0 198.0 836.0 857.0 15.0 852.0 801.0 444.0 903.0 627.0 667.0 557.0 954.0 785.0 15.0 1286.0 122.0 180.0 425.0 906.0 288.0 517.0 293.0 828.0 1099.0 749.0 967.0 835.0 669.0 760.0 319.0 573.0 156.0 449.0 261.0 784.0 733.0 230.0 1211.0 471.0 327.0 967.0 1117.0 512.0 928.0 161.0 231.0 320.0 783.0 643.0 643.0 125.0 1037.0 90.0 564.0 650.0 974.0 731.0 656.0 786.0 996.0 784.0 817.0 47.0 929.0 313.0 960.0 605.0 417.0 922.0 241.0 1105.0 1109.0 655.0 944.0 527.0 654.0 966.0 578.0 940.0 431.0 323.0 815.0 790.0 957.0 971.0 454.0 679.0 783.0 675.0 787.0 609.0 502.0 381.0 547.0 1078.0 945.0 83.0 778.0 805.0 763.0 546.0 713.0 38.0 622.0 130.0 436.0 1020.0 1173.0 1026.0 632.0 871.0 353.0 864.0 617.0 414.0 0.0 947.0 
862.0 384.0 467.0 204.0 614.0 322.0 327.0 813.0 750.0 451.0 432.0 940.0 172.0 511.0 678.0 230.0 638.0 434.0 514.0 711.0 292.0 936.0 362.0 951.0 784.0 820.0 493.0 883.0 725.0 666.0 472.0 163.0 301.0 356.0 630.0 402.0 224.0 640.0 378.0 836.0 559.0 687.0 480.0 577.0 763.0 304.0 677.0 753.0 106.0 182.0 507.0 557.0 832.0 845.0 656.0 511.0 734.0 680.0 862.0 101.0 869.0 482.0 607.0 247.0 565.0 664.0 440.0 473.0 164.0 709.0 922.0 714.0 652.0 269.0 685.0 781.0 372.0 887.0 277.0 304.0 300.0 366.0 571.0 429.0 281.0 484.0 287.0 664.0 733.0 219.0 644.0 513.0 422.0 590.0 458.0 536.0 501.0 450.0 355.0 547.0 600.0 543.0 161.0 643.0 1012.0 326.0 513.0 489.0 553.0 507.0 934.0 615.0 824.0 735.0 242.0 256.0 97.0 414.0 480.0 595.0 184.0 415.0 602.0 947.0 0.0 
