Any["Instance_15_1.0_3_1_15_1.0_3_1.dat", 0.023, 3, 1050.0, 5.175, 0.0, 10.270191192626953, 15]
Any["Instance_15_1.0_3_2_15_1.0_3_2.dat", 0.023, 3, 948.0, 4.278, 0.0, 0.10286903381347656, 15]
Any["Instance_15_1.0_3_3_15_1.0_3_3.dat", 0.023, 3, 1005.0, 4.208999999999997, 0.0, 0.332319974899292, 15]
Any["Instance_15_1.0_3_4_15_1.0_3_4.dat", 0.023, 3, 882.0, 3.105, 0.0, 0.1471250057220459, 15]
Any["Instance_15_1.0_3_5_15_1.0_3_5.dat", 0.023, 3, 1152.0, 4.001999999979333, 0.0, 0.4229550361633301, 15]
Any["Instance_15_1.0_5_1_15_1.0_5_1.dat", 0.023, 5, 1675.0, 10.12, 0.0, 0.09791898727416992, 11]
Any["Instance_15_1.0_5_2_15_1.0_5_2.dat", 0.023, 5, 1530.0000000000005, 7.129999999999984, 0.0, 0.7474501132965088, 12]
Any["Instance_15_1.0_5_3_15_1.0_5_3.dat", 0.023, 5, 1645.0, 8.62499999999998, 0.0, 0.7388229370117188, 13]
Any["Instance_15_1.0_5_4_15_1.0_5_4.dat", 0.023, 5, 1360.0, 8.395, 0.0, 1.1885418891906738, 10]
Any["Instance_15_1.0_5_5_15_1.0_5_5.dat", 0.023, 5, 1605.0000000000011, 9.42999999999933, 0.0, 0.6344151496887207, 13]
Any["Instance_15_1.0_7_1_15_1.0_7_1.dat", 0.023, 7, 1565.0, 17.342, 0.0, 0.29048800468444824, 5]
Any["Instance_15_1.0_7_2_15_1.0_7_2.dat", 0.023, 7, 1570.9999999999998, 13.708, 0.0, 1.211717128753662, 6]
Any["Instance_15_1.0_7_3_15_1.0_7_3.dat", 0.023, 7, 1969.9999999999995, 19.434999999999302, 0.0, 1.3445160388946533, 7]
Any["Instance_15_1.0_7_4_15_1.0_7_4.dat", 0.023, 7, 1439.0, 8.993, 0.0, 1.816464900970459, 8]
Any["Instance_15_1.0_7_5_15_1.0_7_5.dat", 0.023, 7, 1561.9999999999995, 11.776000000000012, 0.0, 3.077816963195801, 7]
Any["Instance_15_1.0_9_1_15_1.0_9_1.dat", 0.023, 9, 970.0000077280453, 11.200992144881019, 0.0, 0.3387141227722168, 4]
Any["Instance_15_1.0_9_2_15_1.0_9_2.dat", 0.023, 9, 1020.0, 16.767, 0.0, 0.40879011154174805, 4]
Any["Instance_15_1.0_9_3_15_1.0_9_3.dat", 0.023, 9, 1503.0, 17.802, 0.0, 1.197387933731079, 4]
Any["Instance_15_1.0_9_4_15_1.0_9_4.dat", 0.023, 9, 964.0, 9.751999999994645, 0.0, 0.2619318962097168, 4]
Any["Instance_15_1.0_9_5_15_1.0_9_5.dat", 0.023, 9, 1131.0, 13.961, 0.0, 0.258983850479126, 4]
Any["Instance_15_10.0_3_1_15_10.0_3_1.dat", 0.231, 3, 1050.0000000000186, 51.97499999989243, 0.0, 0.3057839870452881, 15]
Any["Instance_15_10.0_3_2_15_10.0_3_2.dat", 0.231, 3, 948.0, 42.966, 0.0, 0.27268409729003906, 15]
Any["Instance_15_10.0_3_3_15_10.0_3_3.dat", 0.231, 3, 1005.0, 42.273, 0.0, 0.2882068157196045, 15]
Any["Instance_15_10.0_3_4_15_10.0_3_4.dat", 0.231, 3, 882.0, 31.185000000000002, 0.0, 0.5106301307678223, 15]
Any["Instance_15_10.0_3_5_15_10.0_3_5.dat", 0.231, 3, 1152.0, 40.19399999999996, 0.0, 0.7862451076507568, 15]
Any["Instance_15_10.0_5_1_15_10.0_5_1.dat", 0.231, 5, 1675.0, 101.63999999999908, 0.0, 1.7696318626403809, 12]
Any["Instance_15_10.0_5_2_15_10.0_5_2.dat", 0.231, 5, 1530.0000000000014, 71.61000000000024, 0.0, 1.1953270435333252, 12]
Any["Instance_15_10.0_5_3_15_10.0_5_3.dat", 0.231, 5, 1650.0, 70.455, 0.0, 1.0315301418304443, 13]
Any["Instance_15_10.0_5_4_15_10.0_5_4.dat", 0.231, 5, 1360.0, 84.315, 0.0, 2.530672073364258, 10]
Any["Instance_15_10.0_5_5_15_10.0_5_5.dat", 0.231, 5, 1620.0, 79.69499999987549, 0.0, 2.37599515914917, 13]
Any["Instance_15_10.0_7_1_15_10.0_7_1.dat", 0.231, 7, 1601.0, 135.13500000000002, 0.0, 1.263227939605713, 5]
Any["Instance_15_10.0_7_2_15_10.0_7_2.dat", 0.231, 7, 1570.9999999999998, 137.67600000000002, 0.0, 1.3963091373443604, 6]
Any["Instance_15_10.0_7_3_15_10.0_7_3.dat", 0.231, 7, 1997.0, 122.89199999999927, 0.0, 2.2510509490966797, 9]
Any["Instance_15_10.0_7_4_15_10.0_7_4.dat", 0.231, 7, 1439.0000000000002, 90.321, 0.0, 1.722886085510254, 8]
Any["Instance_15_10.0_7_5_15_10.0_7_5.dat", 0.231, 7, 1568.0, 93.78599999999999, 0.0, 1.014786958694458, 7]
Any["Instance_15_10.0_9_1_15_10.0_9_1.dat", 0.231, 9, 989.0, 68.376, 0.0, 1.1526780128479004, 4]
Any["Instance_15_10.0_9_2_15_10.0_9_2.dat", 0.231, 9, 1030.0, 105.336, 0.0, 2.1658780574798584, 4]
Any["Instance_15_10.0_9_3_15_10.0_9_3.dat", 0.231, 9, 1532.0, 127.74300000000048, 0.0, 1.9430079460144043, 4]
Any["Instance_15_10.0_9_4_15_10.0_9_4.dat", 0.231, 9, 964.0, 97.94399999999716, 0.0, 1.7490499019622803, 4]
Any["Instance_15_10.0_9_5_15_10.0_9_5.dat", 0.231, 9, 1154.0, 98.86800000000001, 0.0, 1.6396160125732422, 4]
Any["Instance_15_2.0_3_1_15_2.0_3_1.dat", 0.046, 3, 1050.0, 10.35, 0.0, 0.13575506210327148, 15]
Any["Instance_15_2.0_3_2_15_2.0_3_2.dat", 0.046, 3, 948.0, 8.556, 0.0, 0.14656496047973633, 15]
Any["Instance_15_2.0_3_3_15_2.0_3_3.dat", 0.046, 3, 1004.9999999999999, 8.417999999999985, 0.0, 0.11454510688781738, 15]
Any["Instance_15_2.0_3_4_15_2.0_3_4.dat", 0.046, 3, 882.0, 6.21, 0.0, 0.19349217414855957, 15]
Any["Instance_15_2.0_3_5_15_2.0_3_5.dat", 0.046, 3, 1152.0, 8.004, 0.0, 0.3749229907989502, 15]
Any["Instance_15_2.0_5_1_15_2.0_5_1.dat", 0.046, 5, 1675.000000000007, 20.23999999999225, 0.0, 0.26894092559814453, 12]
Any["Instance_15_2.0_5_2_15_2.0_5_2.dat", 0.046, 5, 1530.0, 14.26, 0.0, 1.2804930210113525, 12]
Any["Instance_15_2.0_5_3_15_2.0_5_3.dat", 0.046, 5, 1645.0, 17.249999999999996, 0.0, 0.5921661853790283, 13]
Any["Instance_15_2.0_5_4_15_2.0_5_4.dat", 0.046, 5, 1360.0, 16.789999999998745, 0.0, 2.8757059574127197, 10]
Any["Instance_15_2.0_5_5_15_2.0_5_5.dat", 0.046, 5, 1604.9999999999995, 18.85999999999632, 0.0, 1.0222320556640625, 13]
Any["Instance_15_2.0_7_1_15_2.0_7_1.dat", 0.046, 7, 1565.0, 34.68399999999029, 0.0, 0.5060491561889648, 5]
Any["Instance_15_2.0_7_2_15_2.0_7_2.dat", 0.046, 7, 1571.0, 27.415999999999993, 0.0, 1.2558000087738037, 6]
Any["Instance_15_2.0_7_3_15_2.0_7_3.dat", 0.046, 7, 1970.0, 38.87, 0.0, 1.669191837310791, 7]
Any["Instance_15_2.0_7_4_15_2.0_7_4.dat", 0.046, 7, 1439.0, 17.986000000000022, 0.0, 1.5174219608306885, 8]
Any["Instance_15_2.0_7_5_15_2.0_7_5.dat", 0.046, 7, 1561.9999999999998, 23.552, 0.0, 1.5027649402618408, 7]
Any["Instance_15_2.0_9_1_15_2.0_9_1.dat", 0.046, 9, 973.0, 17.89399999999912, 0.0, 0.8990750312805176, 4]
Any["Instance_15_2.0_9_2_15_2.0_9_2.dat", 0.046, 9, 1026.0, 23.183999999999653, 0.0, 1.7912030220031738, 4]
Any["Instance_15_2.0_9_3_15_2.0_9_3.dat", 0.046, 9, 1503.0, 35.603999999998386, 0.0, 1.6703588962554932, 4]
Any["Instance_15_2.0_9_4_15_2.0_9_4.dat", 0.046, 9, 964.0, 19.504, 9.35430867591637e-5, 0.3168599605560303, 4]
Any["Instance_15_2.0_9_5_15_2.0_9_5.dat", 0.046, 9, 1131.0, 27.922, 0.0, 0.4591548442840576, 4]
Any["Instance_15_3.0_3_1_15_3.0_3_1.dat", 0.069, 3, 1050.0, 15.525000000000002, 0.0, 0.18148088455200195, 15]
Any["Instance_15_3.0_3_2_15_3.0_3_2.dat", 0.069, 3, 948.0, 12.834000000000001, 0.0, 0.10837388038635254, 15]
Any["Instance_15_3.0_3_3_15_3.0_3_3.dat", 0.069, 3, 1004.9999999999999, 12.627000000000002, 0.0, 0.16184306144714355, 15]
Any["Instance_15_3.0_3_4_15_3.0_3_4.dat", 0.069, 3, 882.0, 9.314999999999998, 0.0, 0.20964598655700684, 15]
Any["Instance_15_3.0_3_5_15_3.0_3_5.dat", 0.069, 3, 1152.0, 12.006, 9.18578400141596e-5, 0.42784714698791504, 15]
Any["Instance_15_3.0_5_1_15_3.0_5_1.dat", 0.069, 5, 1675.0, 30.35999999999975, 0.0, 0.5391161441802979, 12]
Any["Instance_15_3.0_5_2_15_3.0_5_2.dat", 0.069, 5, 1530.0, 21.389999999999, 0.0, 2.4182090759277344, 12]
Any["Instance_15_3.0_5_3_15_3.0_5_3.dat", 0.069, 5, 1644.9999999999995, 25.874999999999766, 0.0, 0.49406003952026367, 13]
Any["Instance_15_3.0_5_4_15_3.0_5_4.dat", 0.069, 5, 1360.0, 25.185000000000002, 0.0, 1.3201789855957031, 10]
Any["Instance_15_3.0_5_5_15_3.0_5_5.dat", 0.069, 5, 1605.0, 28.290000000000003, 0.0, 1.077890157699585, 13]
Any["Instance_15_3.0_7_1_15_3.0_7_1.dat", 0.069, 7, 1565.0, 52.025999999990965, 0.0, 0.7705419063568115, 5]
Any["Instance_15_3.0_7_2_15_3.0_7_2.dat", 0.069, 7, 1571.0, 41.124, 0.0, 1.762868881225586, 6]
Any["Instance_15_3.0_7_3_15_3.0_7_3.dat", 0.069, 7, 1970.0, 58.30500000000001, 0.0, 1.3929989337921143, 7]
Any["Instance_15_3.0_7_4_15_3.0_7_4.dat", 0.069, 7, 1439.0, 26.979000000000003, 0.0, 1.812075138092041, 8]
Any["Instance_15_3.0_7_5_15_3.0_7_5.dat", 0.069, 7, 1568.0, 28.014000000000003, 0.0, 1.2706577777862549, 7]
Any["Instance_15_3.0_9_1_15_3.0_9_1.dat", 0.069, 9, 973.0, 26.84099999999972, 0.0, 1.0875499248504639, 4]
Any["Instance_15_3.0_9_2_15_3.0_9_2.dat", 0.069, 9, 1026.0, 34.776, 0.0, 2.512282133102417, 4]
Any["Instance_15_3.0_9_3_15_3.0_9_3.dat", 0.069, 9, 1503.0, 53.40599999999727, 0.0, 2.1210100650787354, 4]
Any["Instance_15_3.0_9_4_15_3.0_9_4.dat", 0.069, 9, 964.0, 29.255999653698144, 0.0, 0.42949891090393066, 4]
Any["Instance_15_3.0_9_5_15_3.0_9_5.dat", 0.069, 9, 1131.0, 41.88300000000001, 0.0, 0.5487141609191895, 4]
Any["Instance_15_4.0_3_1_15_4.0_3_1.dat", 0.092, 3, 1050.0, 20.7, 0.0, 0.17162704467773438, 15]
Any["Instance_15_4.0_3_2_15_4.0_3_2.dat", 0.092, 3, 948.0, 17.112, 0.0, 0.10977292060852051, 15]
Any["Instance_15_4.0_3_3_15_4.0_3_3.dat", 0.092, 3, 1005.0, 16.836, 0.0, 0.15883779525756836, 15]
Any["Instance_15_4.0_3_4_15_4.0_3_4.dat", 0.092, 3, 882.0, 12.42, 0.0, 0.22448015213012695, 15]
Any["Instance_15_4.0_3_5_15_4.0_3_5.dat", 0.092, 3, 1152.0, 16.008, 0.0, 0.5063409805297852, 15]
Any["Instance_15_4.0_5_1_15_4.0_5_1.dat", 0.092, 5, 1675.0, 40.479999999999905, 0.0, 0.5960609912872314, 11]
Any["Instance_15_4.0_5_2_15_4.0_5_2.dat", 0.092, 5, 1530.0, 28.51999999999732, 0.0, 3.38169002532959, 12]
Any["Instance_15_4.0_5_3_15_4.0_5_3.dat", 0.092, 5, 1649.9999999999998, 28.06, 0.0, 0.5947470664978027, 13]
Any["Instance_15_4.0_5_4_15_4.0_5_4.dat", 0.092, 5, 1360.0, 33.579999999999984, 0.0, 1.4104108810424805, 10]
Any["Instance_15_4.0_5_5_15_4.0_5_5.dat", 0.092, 5, 1605.0, 37.719999999998784, 0.0, 0.6474618911743164, 13]
Any["Instance_15_4.0_7_1_15_4.0_7_1.dat", 0.092, 7, 1565.0000000000082, 69.36799999997189, 5.1665940865811924e-5, 0.8833019733428955, 5]
Any["Instance_15_4.0_7_2_15_4.0_7_2.dat", 0.092, 7, 1571.0, 54.832, 0.0, 1.7346079349517822, 6]
Any["Instance_15_4.0_7_3_15_4.0_7_3.dat", 0.092, 7, 1997.0, 48.94399999991773, 0.0, 1.706056833267212, 9]
Any["Instance_15_4.0_7_4_15_4.0_7_4.dat", 0.092, 7, 1439.0, 35.972, 0.0, 1.7186758518218994, 8]
Any["Instance_15_4.0_7_5_15_4.0_7_5.dat", 0.092, 7, 1568.0, 37.352, 0.0, 1.5304250717163086, 7]
Any["Instance_15_4.0_9_1_15_4.0_9_1.dat", 0.092, 9, 973.0, 35.78799999999993, 9.138251929514742e-5, 1.0164198875427246, 4]
Any["Instance_15_4.0_9_2_15_4.0_9_2.dat", 0.092, 9, 1029.999999999988, 41.9520000000091, 0.0, 2.5951931476593018, 4]
Any["Instance_15_4.0_9_3_15_4.0_9_3.dat", 0.092, 9, 1503.0, 71.20799999999015, 0.0, 2.0457019805908203, 4]
Any["Instance_15_4.0_9_4_15_4.0_9_4.dat", 0.092, 9, 1062.9999999999998, 37.99600000000005, 0.0, 2.971550941467285, 4]
Any["Instance_15_4.0_9_5_15_4.0_9_5.dat", 0.092, 9, 1131.0, 55.84399999999987, 0.0, 0.6322920322418213, 4]
Any["Instance_15_5.0_3_1_15_5.0_3_1.dat", 0.115, 3, 1050.0, 25.875, 0.0, 0.1952531337738037, 15]
Any["Instance_15_5.0_3_2_15_5.0_3_2.dat", 0.115, 3, 948.0, 21.39, 0.0, 0.12746405601501465, 15]
Any["Instance_15_5.0_3_3_15_5.0_3_3.dat", 0.115, 3, 1005.0, 21.04500000000001, 0.0, 0.14754986763000488, 15]
Any["Instance_15_5.0_3_4_15_5.0_3_4.dat", 0.115, 3, 882.0, 15.525, 0.0, 0.21504712104797363, 15]
Any["Instance_15_5.0_3_5_15_5.0_3_5.dat", 0.115, 3, 1152.0, 20.01, 0.0, 0.3646199703216553, 15]
Any["Instance_15_5.0_5_1_15_5.0_5_1.dat", 0.115, 5, 1675.000031578008, 50.599964290534864, 0.0, 0.8407700061798096, 11]
Any["Instance_15_5.0_5_2_15_5.0_5_2.dat", 0.115, 5, 1530.0, 35.65, 0.0, 0.7062039375305176, 12]
Any["Instance_15_5.0_5_3_15_5.0_5_3.dat", 0.115, 5, 1650.0, 35.075, 0.0, 0.809063196182251, 13]
Any["Instance_15_5.0_5_4_15_5.0_5_4.dat", 0.115, 5, 1360.0, 41.975, 0.0, 1.4069631099700928, 10]
Any["Instance_15_5.0_5_5_15_5.0_5_5.dat", 0.115, 5, 1605.0000000000027, 47.14999999998578, 0.0, 0.8682401180267334, 13]
Any["Instance_15_5.0_7_1_15_5.0_7_1.dat", 0.115, 7, 1565.0, 86.7099999999682, 0.0, 1.2885680198669434, 5]
Any["Instance_15_5.0_7_2_15_5.0_7_2.dat", 0.115, 7, 1570.9999999999995, 68.54000000000002, 0.0, 1.5436899662017822, 6]
Any["Instance_15_5.0_7_3_15_5.0_7_3.dat", 0.115, 7, 1997.0000000000007, 61.17999999988098, 0.0, 1.4163908958435059, 9]
Any["Instance_15_5.0_7_4_15_5.0_7_4.dat", 0.115, 7, 1439.0, 44.965, 0.0, 2.058150053024292, 8]
Any["Instance_15_5.0_7_5_15_5.0_7_5.dat", 0.115, 7, 1568.0000000000043, 46.68999999999153, 0.0, 1.7637169361114502, 7]
Any["Instance_15_5.0_9_1_15_5.0_9_1.dat", 0.115, 9, 973.0, 44.73499999999983, 0.0, 1.7384347915649414, 4]
Any["Instance_15_5.0_9_2_15_5.0_9_2.dat", 0.115, 9, 1029.9999999999998, 52.44000000000001, 0.0, 2.9670050144195557, 4]
Any["Instance_15_5.0_9_3_15_5.0_9_3.dat", 0.115, 9, 1503.0, 89.00999999999517, 0.0, 2.1106929779052734, 4]
Any["Instance_15_5.0_9_4_15_5.0_9_4.dat", 0.115, 9, 964.0, 48.760000000000005, 0.0, 0.5768089294433594, 4]
Any["Instance_15_5.0_9_5_15_5.0_9_5.dat", 0.115, 9, 1139.9999999999984, 60.02999999999958, 0.0, 0.8014929294586182, 4]
Any["Instance_15_6.0_3_1_15_6.0_3_1.dat", 0.138, 3, 1050.0, 31.050000000000004, 0.0, 0.2638359069824219, 15]
Any["Instance_15_6.0_3_2_15_6.0_3_2.dat", 0.138, 3, 948.0, 25.668000000000003, 0.0, 0.1761949062347412, 15]
Any["Instance_15_6.0_3_3_15_6.0_3_3.dat", 0.138, 3, 1005.0, 25.253999999999998, 0.0, 0.19130802154541016, 15]
Any["Instance_15_6.0_3_4_15_6.0_3_4.dat", 0.138, 3, 882.0, 18.630000000000003, 0.0, 0.29585790634155273, 15]
Any["Instance_15_6.0_3_5_15_6.0_3_5.dat", 0.138, 3, 1152.0, 24.012000000000008, 0.0, 0.7701759338378906, 15]
Any["Instance_15_6.0_5_1_15_6.0_5_1.dat", 0.138, 5, 1675.000000000001, 60.7199999999995, 0.0, 0.8279159069061279, 11]
Any["Instance_15_6.0_5_2_15_6.0_5_2.dat", 0.138, 5, 1530.0, 42.78, 0.0, 1.2486670017242432, 12]
Any["Instance_15_6.0_5_3_15_6.0_5_3.dat", 0.138, 5, 1650.000000000001, 42.09000000000002, 0.0, 0.38571715354919434, 13]
Any["Instance_15_6.0_5_4_15_6.0_5_4.dat", 0.138, 5, 1360.0, 50.370000000000005, 0.0, 1.447403907775879, 10]
Any["Instance_15_6.0_5_5_15_6.0_5_5.dat", 0.138, 5, 1605.0, 56.579999999999, 0.0, 2.2551820278167725, 13]
Any["Instance_15_6.0_7_1_15_6.0_7_1.dat", 0.138, 7, 1565.0, 104.052, 0.0, 2.206347942352295, 5]
Any["Instance_15_6.0_7_2_15_6.0_7_2.dat", 0.138, 7, 1570.9999999999998, 82.24800000000005, 0.0, 1.5532779693603516, 6]
Any["Instance_15_6.0_7_3_15_6.0_7_3.dat", 0.138, 7, 1997.0, 73.41600000000001, 0.0, 1.6737570762634277, 9]
Any["Instance_15_6.0_7_4_15_6.0_7_4.dat", 0.138, 7, 1439.0, 53.958000000000034, 0.0, 1.3751060962677002, 8]
Any["Instance_15_6.0_7_5_15_6.0_7_5.dat", 0.138, 7, 1568.0, 56.028000000000006, 0.0, 3.719912052154541, 7]
Any["Instance_15_6.0_9_1_15_6.0_9_1.dat", 0.138, 9, 973.0, 53.682, 0.0, 0.7331221103668213, 4]
Any["Instance_15_6.0_9_2_15_6.0_9_2.dat", 0.138, 9, 1030.000000000004, 62.92799999999436, 0.0, 3.528364896774292, 4]
Any["Instance_15_6.0_9_3_15_6.0_9_3.dat", 0.138, 9, 1532.0000000000032, 76.31399999999445, 0.0, 2.451465129852295, 4]
Any["Instance_15_6.0_9_4_15_6.0_9_4.dat", 0.138, 9, 964.0000000000002, 58.51199999999955, 0.0, 0.508044958114624, 4]
Any["Instance_15_6.0_9_5_15_6.0_9_5.dat", 0.138, 9, 1140.0000000000002, 72.03599999999953, 5.940417611367684e-5, 1.0401568412780762, 4]
Any["Instance_15_7.0_3_1_15_7.0_3_1.dat", 0.162, 3, 1050.0, 36.45, 0.0, 0.21184301376342773, 15]
Any["Instance_15_7.0_3_2_15_7.0_3_2.dat", 0.162, 3, 948.0, 30.132, 0.0, 0.18477916717529297, 15]
Any["Instance_15_7.0_3_3_15_7.0_3_3.dat", 0.162, 3, 1005.0, 29.645999999999997, 0.0, 0.20032691955566406, 15]
Any["Instance_15_7.0_3_4_15_7.0_3_4.dat", 0.162, 3, 882.0, 21.87, 0.0, 0.37925100326538086, 15]
Any["Instance_15_7.0_3_5_15_7.0_3_5.dat", 0.162, 3, 1152.0, 28.188000000000002, 0.0, 0.6355979442596436, 15]
Any["Instance_15_7.0_5_1_15_7.0_5_1.dat", 0.162, 5, 1675.0, 71.28, 0.0, 1.034773826599121, 11]
Any["Instance_15_7.0_5_2_15_7.0_5_2.dat", 0.162, 5, 1529.9999999999998, 50.22, 0.0, 1.0419321060180664, 12]
Any["Instance_15_7.0_5_3_15_7.0_5_3.dat", 0.162, 5, 1650.0, 49.41000000000001, 0.0, 1.3554620742797852, 13]
Any["Instance_15_7.0_5_4_15_7.0_5_4.dat", 0.162, 5, 1360.0, 59.13, 0.0, 1.4591269493103027, 10]
Any["Instance_15_7.0_5_5_15_7.0_5_5.dat", 0.162, 5, 1605.0, 66.42, 0.0, 0.8790979385375977, 13]
Any["Instance_15_7.0_7_1_15_7.0_7_1.dat", 0.162, 7, 1564.999999999999, 122.14799999999441, 0.0, 2.9233651161193848, 5]
Any["Instance_15_7.0_7_2_15_7.0_7_2.dat", 0.162, 7, 1571.0, 96.552, 0.0, 1.4832980632781982, 6]
Any["Instance_15_7.0_7_3_15_7.0_7_3.dat", 0.162, 7, 1997.0, 86.184, 0.0, 1.6901140213012695, 9]
Any["Instance_15_7.0_7_4_15_7.0_7_4.dat", 0.162, 7, 1439.0000000000014, 63.34199999999735, 0.0, 1.4027109146118164, 8]
Any["Instance_15_7.0_7_5_15_7.0_7_5.dat", 0.162, 7, 1568.0, 65.772, 0.0, 0.9577751159667969, 7]
Any["Instance_15_7.0_9_1_15_7.0_9_1.dat", 0.162, 9, 973.0, 63.01799999999943, 0.0, 0.8904430866241455, 4]
Any["Instance_15_7.0_9_2_15_7.0_9_2.dat", 0.162, 9, 1030.0000000000218, 73.87199999995764, 0.0, 4.422112941741943, 4]
Any["Instance_15_7.0_9_3_15_7.0_9_3.dat", 0.162, 9, 1532.0, 89.586, 0.0, 3.2689199447631836, 4]
Any["Instance_15_7.0_9_4_15_7.0_9_4.dat", 0.162, 9, 964.0, 68.68799999999996, 0.0, 0.9064040184020996, 4]
Any["Instance_15_7.0_9_5_15_7.0_9_5.dat", 0.162, 9, 1154.0, 69.336, 0.0, 1.0823428630828857, 4]
Any["Instance_15_8.0_3_1_15_8.0_3_1.dat", 0.185, 3, 1050.0000000000312, 41.624999999913854, 0.0, 0.1933290958404541, 15]
Any["Instance_15_8.0_3_2_15_8.0_3_2.dat", 0.185, 3, 948.0, 34.41, 0.0, 0.17370200157165527, 15]
Any["Instance_15_8.0_3_3_15_8.0_3_3.dat", 0.185, 3, 1005.0000000000001, 33.855, 0.0, 0.17532706260681152, 15]
Any["Instance_15_8.0_3_4_15_8.0_3_4.dat", 0.185, 3, 882.0, 24.975, 0.0, 0.28244519233703613, 15]
Any["Instance_15_8.0_3_5_15_8.0_3_5.dat", 0.185, 3, 1152.0, 32.19, 0.0, 0.5819859504699707, 15]
Any["Instance_15_8.0_5_1_15_8.0_5_1.dat", 0.185, 5, 1675.0000000000005, 81.39999999999819, 0.0, 1.2975389957427979, 12]
Any["Instance_15_8.0_5_2_15_8.0_5_2.dat", 0.185, 5, 1530.0, 57.34999999999954, 0.0, 1.7515099048614502, 12]
Any["Instance_15_8.0_5_3_15_8.0_5_3.dat", 0.185, 5, 1650.0, 56.424999999999834, 0.0, 1.4224309921264648, 13]
Any["Instance_15_8.0_5_4_15_8.0_5_4.dat", 0.185, 5, 1360.0, 67.52499999999797, 0.0, 1.6239888668060303, 10]
Any["Instance_15_8.0_5_5_15_8.0_5_5.dat", 0.185, 5, 1605.0, 75.85, 0.0, 2.0525009632110596, 13]
Any["Instance_15_8.0_7_1_15_8.0_7_1.dat", 0.185, 7, 1565.0, 139.49, 0.0, 2.361052989959717, 5]
Any["Instance_15_8.0_7_2_15_8.0_7_2.dat", 0.185, 7, 1571.0, 110.26, 0.0, 1.4064099788665771, 6]
Any["Instance_15_8.0_7_3_15_8.0_7_3.dat", 0.185, 7, 1997.0, 98.42, 0.0, 1.8088281154632568, 9]
Any["Instance_15_8.0_7_4_15_8.0_7_4.dat", 0.185, 7, 1439.0, 72.335, 0.0, 1.5530121326446533, 8]
Any["Instance_15_8.0_7_5_15_8.0_7_5.dat", 0.185, 7, 1568.0, 75.1099999998189, 0.0, 1.051893949508667, 7]
Any["Instance_15_8.0_9_1_15_8.0_9_1.dat", 0.185, 9, 989.0, 54.76, 0.0, 0.9138891696929932, 4]
Any["Instance_15_8.0_9_2_15_8.0_9_2.dat", 0.185, 9, 1030.0, 84.36, 0.0, 2.3366849422454834, 4]
Any["Instance_15_8.0_9_3_15_8.0_9_3.dat", 0.185, 9, 1532.0, 102.30499999998948, 0.0, 1.2321040630340576, 4]
Any["Instance_15_8.0_9_4_15_8.0_9_4.dat", 0.185, 9, 964.0000000000002, 78.43999999999933, 0.0, 0.8778581619262695, 4]
Any["Instance_15_8.0_9_5_15_8.0_9_5.dat", 0.185, 9, 1154.0, 79.17999999999999, 0.0, 1.0809028148651123, 4]
Any["Instance_15_9.0_3_1_15_9.0_3_1.dat", 0.208, 3, 1050.0, 46.8, 0.0, 0.26281189918518066, 15]
Any["Instance_15_9.0_3_2_15_9.0_3_2.dat", 0.208, 3, 948.0, 38.687999999999995, 0.0, 0.23007917404174805, 15]
Any["Instance_15_9.0_3_3_15_9.0_3_3.dat", 0.208, 3, 1005.0, 38.06399999999997, 0.0, 0.18125295639038086, 15]
Any["Instance_15_9.0_3_4_15_9.0_3_4.dat", 0.208, 3, 882.0, 28.08, 0.0, 0.27628493309020996, 15]
Any["Instance_15_9.0_3_5_15_9.0_3_5.dat", 0.208, 3, 1152.0, 36.1919999999999, 0.0, 0.6998858451843262, 15]
Any["Instance_15_9.0_5_1_15_9.0_5_1.dat", 0.208, 5, 1674.999999999999, 91.51999999999929, 9.541820310721383e-5, 1.247938871383667, 12]
Any["Instance_15_9.0_5_2_15_9.0_5_2.dat", 0.208, 5, 1529.9999999999986, 64.47999999999887, 0.0, 0.8650460243225098, 12]
Any["Instance_15_9.0_5_3_15_9.0_5_3.dat", 0.208, 5, 1650.0, 63.439999999999856, 0.0, 0.8874430656433105, 13]
Any["Instance_15_9.0_5_4_15_9.0_5_4.dat", 0.208, 5, 1360.0, 75.92, 0.0, 1.8482859134674072, 10]
Any["Instance_15_9.0_5_5_15_9.0_5_5.dat", 0.208, 5, 1605.0, 85.28, 0.0, 1.231489896774292, 13]
Any["Instance_15_9.0_7_1_15_9.0_7_1.dat", 0.208, 7, 1565.0, 156.83199999999908, 0.0, 3.6006851196289062, 5]
Any["Instance_15_9.0_7_2_15_9.0_7_2.dat", 0.208, 7, 1571.0000000000045, 123.96799999999507, 0.0, 1.8819580078125, 6]
Any["Instance_15_9.0_7_3_15_9.0_7_3.dat", 0.208, 7, 1997.0, 110.65599999999753, 0.0, 2.2026500701904297, 9]
Any["Instance_15_9.0_7_4_15_9.0_7_4.dat", 0.208, 7, 1439.0, 81.32799999999972, 0.0, 1.8160820007324219, 8]
Any["Instance_15_9.0_7_5_15_9.0_7_5.dat", 0.208, 7, 1568.0, 84.448, 0.0, 1.0140581130981445, 7]
Any["Instance_15_9.0_9_1_15_9.0_9_1.dat", 0.208, 9, 989.0, 61.568, 0.0, 0.8820030689239502, 4]
Any["Instance_15_9.0_9_2_15_9.0_9_2.dat", 0.208, 9, 1030.0, 94.84800000000001, 0.0, 2.7149689197540283, 4]
Any["Instance_15_9.0_9_3_15_9.0_9_3.dat", 0.208, 9, 1532.0000000000002, 115.02399999999997, 0.0, 1.6557531356811523, 4]
Any["Instance_15_9.0_9_4_15_9.0_9_4.dat", 0.208, 9, 964.0, 88.192, 4.651359293440778e-5, 1.2120211124420166, 4]
Any["Instance_15_9.0_9_5_15_9.0_9_5.dat", 0.208, 9, 1154.0, 89.024, 0.0, 1.2325019836425781, 4]
Any["Instance_25_1.0_3_1_25_1.0_3_1.dat", 0.023, 3, 1365.0, 5.934, 0.0, 3.1030728816986084, 25]
Any["Instance_25_1.0_3_2_25_1.0_3_2.dat", 0.023, 3, 1257.0, 4.070999999999998, 0.0, 4.589101076126099, 25]
Any["Instance_25_1.0_3_3_25_1.0_3_3.dat", 0.023, 3, 1398.0, 3.8639999999997268, 0.0, 4.612718105316162, 25]
Any["Instance_25_1.0_3_4_25_1.0_3_4.dat", 0.023, 3, 1218.0, 2.966999999999999, 0.0, 3.8308420181274414, 25]
Any["Instance_25_1.0_3_5_25_1.0_3_5.dat", 0.023, 3, 1155.0, 2.76, 0.0, 0.5077719688415527, 25]
Any["Instance_25_1.0_5_1_25_1.0_5_1.dat", 0.023, 5, 2095.0, 7.935, 0.0, 10.606245994567871, 18]
Any["Instance_25_1.0_5_2_25_1.0_5_2.dat", 0.023, 5, 1975.0, 7.59, 0.0, 5.66112208366394, 20]
Any["Instance_25_1.0_5_3_25_1.0_5_3.dat", 0.023, 5, 2255.0, 7.014999999998786, 0.0, 11.312424898147583, 19]
Any["Instance_25_1.0_5_4_25_1.0_5_4.dat", 0.023, 5, 1790.0, 7.359999999914319, 0.0, 4.741375923156738, 20]
Any["Instance_25_1.0_5_5_25_1.0_5_5.dat", 0.023, 5, 1860.0, 7.245, 0.0, 0.6008291244506836, 21]
Any["Instance_25_1.0_7_1_25_1.0_7_1.dat", 0.023, 7, 2206.0, 15.157, 0.0, 22.931604862213135, 10]
Any["Instance_25_1.0_7_2_25_1.0_7_2.dat", 0.023, 7, 2284.0, 13.547, 0.0, 11.295665979385376, 12]
Any["Instance_25_1.0_7_3_25_1.0_7_3.dat", 0.023, 7, 2416.0, 14.352, 0.0, 9.841691970825195, 10]
Any["Instance_25_1.0_7_4_25_1.0_7_4.dat", 0.023, 7, 2087.0, 14.213999999980839, 0.0, 65.97794198989868, 11]
Any["Instance_25_1.0_7_5_25_1.0_7_5.dat", 0.023, 7, 2311.0, 10.971, 0.0, 14.691731929779053, 13]
Any["Instance_25_1.0_9_1_25_1.0_9_1.dat", 0.023, 9, 1473.0, 20.746, 0.0, 11.386283159255981, 4]
Any["Instance_25_1.0_9_2_25_1.0_9_2.dat", 0.023, 9, 1605.9999999999998, 19.38900000000001, 0.0, 11.280242919921875, 4]
Any["Instance_25_1.0_9_3_25_1.0_9_3.dat", 0.023, 9, 1405.0, 13.477999999999994, 0.0, 3.997258186340332, 4]
Any["Instance_25_1.0_9_4_25_1.0_9_4.dat", 0.023, 9, 1093.0, 16.352999999999998, 0.0, 4.700134992599487, 4]
Any["Instance_25_1.0_9_5_25_1.0_9_5.dat", 0.023, 9, 1544.0, 19.986999999996883, 0.0, 13.450920104980469, 4]
Any["Instance_25_10.0_3_1_25_10.0_3_1.dat", 0.231, 3, 1371.0, 42.966, 0.0, 7.442019939422607, 25]
Any["Instance_25_10.0_3_2_25_10.0_3_2.dat", 0.231, 3, 1257.0, 40.88699999999934, 0.0, 6.14667010307312, 25]
Any["Instance_25_10.0_3_3_25_10.0_3_3.dat", 0.231, 3, 1397.9999999999995, 38.80799999999999, 0.0, 3.235452890396118, 25]
Any["Instance_25_10.0_3_4_25_10.0_3_4.dat", 0.231, 3, 1217.9999957222224, 29.798999999999996, 0.0, 6.442598819732666, 25]
Any["Instance_25_10.0_3_5_25_10.0_3_5.dat", 0.231, 3, 1155.0, 27.720000000000002, 0.0, 0.6988499164581299, 25]
Any["Instance_25_10.0_5_1_25_10.0_5_1.dat", 0.231, 5, 2095.0, 79.69499999981176, 0.0, 16.44050097465515, 19]
Any["Instance_25_10.0_5_2_25_10.0_5_2.dat", 0.231, 5, 1975.0, 76.2299999999989, 0.0, 10.862979173660278, 20]
Any["Instance_25_10.0_5_3_25_10.0_5_3.dat", 0.231, 5, 2255.0, 70.455, 0.0, 7.873779773712158, 19]
Any["Instance_25_10.0_5_4_25_10.0_5_4.dat", 0.231, 5, 1805.0, 58.90500000000003, 0.0, 6.564039945602417, 22]
Any["Instance_25_10.0_5_5_25_10.0_5_5.dat", 0.231, 5, 1860.0, 72.765, 0.0, 2.0267138481140137, 21]
Any["Instance_25_10.0_7_1_25_10.0_7_1.dat", 0.231, 7, 2228.999998371429, 98.17499999999997, 0.0, 193.74163603782654, 11]
Any["Instance_25_10.0_7_2_25_10.0_7_2.dat", 0.231, 7, 2284.0, 136.059, 0.0, 21.484040021896362, 12]
Any["Instance_25_10.0_7_3_25_10.0_7_3.dat", 0.231, 7, 2443.0, 117.11699999999999, 0.0, 17.09695291519165, 10]
Any["Instance_25_10.0_7_4_25_10.0_7_4.dat", 0.231, 7, 2106.0, 107.64599999999953, 0.0, 543.9240942001343, 15]
Any["Instance_25_10.0_7_5_25_10.0_7_5.dat", 0.231, 7, 2320.0, 97.25100000000066, 0.0, 58.39721202850342, 13]
Any["Instance_25_10.0_9_1_25_10.0_9_1.dat", 0.231, 9, 1566.0, 127.05000000000001, 0.0, 101.98970603942871, 5]
Any["Instance_25_10.0_9_2_25_10.0_9_2.dat", 0.231, 9, 1628.0, 138.36899999999963, 0.0, 24.26387310028076, 4]
Any["Instance_25_10.0_9_3_25_10.0_9_3.dat", 0.231, 9, 1405.0, 135.366, 0.0, 17.034547090530396, 4]
Any["Instance_25_10.0_9_4_25_10.0_9_4.dat", 0.231, 9, 1112.0, 90.783, 0.0, 20.405565977096558, 4]
Any["Instance_25_10.0_9_5_25_10.0_9_5.dat", 0.231, 9, 1544.0, 194.03999999999607, 0.0, 23.653897047042847, 4]
Any["Instance_25_2.0_3_1_25_2.0_3_1.dat", 0.046, 3, 1365.0, 11.868, 0.0, 4.499764919281006, 25]
Any["Instance_25_2.0_3_2_25_2.0_3_2.dat", 0.046, 3, 1257.0, 8.142000000000033, 0.0, 4.2176759243011475, 25]
Any["Instance_25_2.0_3_3_25_2.0_3_3.dat", 0.046, 3, 1397.999993, 7.7280008050000015, 0.0, 2.924530029296875, 25]
Any["Instance_25_2.0_3_4_25_2.0_3_4.dat", 0.046, 3, 1350.0, 7.452, 0.104050013524739, 4.538379907608032, 25]
Any["Instance_25_2.0_3_5_25_2.0_3_5.dat", 0.046, 3, 1155.0, 5.52, 0.0, 0.5168590545654297, 25]
Any["Instance_15_1.0_3_1_15_1.0_3_1.dat", 0.023, 3, 1050.0, 5.175, 0.0, 11.69400405883789, 15]
Any["Instance_15_1.0_3_2_15_1.0_3_2.dat", 0.023, 3, 948.0, 4.278, 0.0, 0.1265850067138672, 15]
Any["Instance_15_1.0_3_3_15_1.0_3_3.dat", 0.023, 3, 1005.0, 4.208999999999997, 0.0, 0.3110620975494385, 15]
Any["Instance_15_1.0_3_4_15_1.0_3_4.dat", 0.023, 3, 882.0, 3.105, 0.0, 0.15420985221862793, 15]
Any["Instance_15_1.0_3_5_15_1.0_3_5.dat", 0.023, 3, 1152.0, 4.001999999979333, 0.0, 0.44796299934387207, 15]
Any["Instance_15_1.0_5_1_15_1.0_5_1.dat", 0.023, 5, 1675.0, 10.12, 0.0, 0.10286092758178711, 11]
Any["Instance_15_1.0_5_2_15_1.0_5_2.dat", 0.023, 5, 1530.0000000000005, 7.129999999999984, 0.0, 0.8789210319519043, 12]
Any["Instance_15_1.0_5_3_15_1.0_5_3.dat", 0.023, 5, 1645.0, 8.62499999999998, 0.0, 0.8413131237030029, 13]
Any["Instance_15_1.0_5_4_15_1.0_5_4.dat", 0.023, 5, 1360.0, 8.395, 0.0, 1.4400858879089355, 10]
Any["Instance_15_1.0_5_5_15_1.0_5_5.dat", 0.023, 5, 1605.0000000000011, 9.42999999999933, 0.0, 0.783574104309082, 13]
Any["Instance_15_1.0_7_1_15_1.0_7_1.dat", 0.023, 7, 1565.0, 17.342, 0.0, 0.3615989685058594, 5]
Any["Instance_15_1.0_7_2_15_1.0_7_2.dat", 0.023, 7, 2972.0, 13.846, 0.5056677403992037, 0.1500110626220703, 13]
Any["Instance_15_1.0_7_3_15_1.0_7_3.dat", 0.023, 7, 1969.9999999999995, 19.434999999999302, 0.0, 1.7388560771942139, 7]
Any["Instance_15_1.0_7_4_15_1.0_7_4.dat", 0.023, 7, 1713.0, 13.63899999999749, 0.2581281378804719, 1.390099048614502, 7]
Any["Instance_15_1.0_3_1_15_1.0_3_1.dat", 0.023, 3, 1050.0, 5.175, 0.0, 0.2117910385131836, 15]
Any["Instance_15_1.0_3_2_15_1.0_3_2.dat", 0.023, 3, 948.0, 4.278, 0.0, 0.10642099380493164, 15]
Any["Instance_15_1.0_3_3_15_1.0_3_3.dat", 0.023, 3, 1005.0, 4.208999999999997, 0.0, 0.12980914115905762, 15]
Any["Instance_15_1.0_3_4_15_1.0_3_4.dat", 0.023, 3, 882.0, 3.105, 0.0, 0.16866183280944824, 15]
Any["Instance_15_1.0_3_5_15_1.0_3_5.dat", 0.023, 3, 1152.0, 4.001999999979333, 0.0, 0.4498310089111328, 15]
Any["Instance_15_1.0_5_1_15_1.0_5_1.dat", 0.023, 5, 1675.0, 10.12, 0.0, 0.10231900215148926, 11]
Any["Instance_15_1.0_5_2_15_1.0_5_2.dat", 0.023, 5, 1530.0000000000005, 7.129999999999984, 0.0, 0.9477999210357666, 12]
Any["Instance_15_1.0_5_3_15_1.0_5_3.dat", 0.023, 5, 1645.0, 8.62499999999998, 0.0, 0.8177099227905273, 13]
Any["Instance_15_1.0_5_4_15_1.0_5_4.dat", 0.023, 5, 1480.0, 12.649999999986612, 0.12483581491240561, 1.033951997756958, 11]
Any["Instance_15_1.0_5_5_15_1.0_5_5.dat", 0.023, 5, 1605.0000000000011, 9.42999999999933, 0.0, 0.7866599559783936, 13]
Any["Instance_15_1.0_7_1_15_1.0_7_1.dat", 0.023, 7, 1565.0, 17.342, 0.0, 0.35855698585510254, 5]
Any["Instance_15_1.0_7_2_15_1.0_7_2.dat", 0.023, 7, 1570.9999999999998, 13.708, 0.0, 1.542508840560913, 6]
Any["Instance_15_1.0_7_3_15_1.0_7_3.dat", 0.023, 7, 1969.9999999999995, 19.434999999999302, 0.0, 1.7063040733337402, 7]
Any["Instance_15_1.0_7_4_15_1.0_7_4.dat", 0.023, 7, 1439.0, 8.993, 0.0, 2.1709041595458984, 8]
Any["Instance_15_1.0_7_5_15_1.0_7_5.dat", 0.023, 7, 1561.9999999999995, 11.776000000000012, 0.0, 3.1685428619384766, 7]
Any["Instance_15_1.0_9_1_15_1.0_9_1.dat", 0.023, 9, 970.0000077280453, 11.200992144881019, 0.0, 0.32543301582336426, 4]
Any["Instance_15_1.0_9_2_15_1.0_9_2.dat", 0.023, 9, 1019.9999999999984, 17.203999999999162, 0.02129235244426596, 0.21074986457824707, 4]
